u,v,cost
0,1,0.9909343531469679
0,100,0.9971133685012548
1,0,0.9909343531469679
1,2,0.9791333581065842
1,101,0.9856278756791791
2,1,0.9791333581065842
2,3,0.9669970922123508
2,102,0.9737536144848987
3,2,0.9669970922123508
3,4,0.9545992206766143
3,103,0.9615664273024435
4,3,0.9545992206766143
4,5,0.9420068981728618
4,104,0.9491358789978392
5,4,0.9420068981728618
5,6,0.9292806566177159
5,105,0.936525073076107
6,5,0.9292806566177159
6,7,0.9164744421566682
6,106,0.923790622611599
7,6,0.9164744421566682
7,8,0.9036357864463525
7,107,0.910982762506023
8,7,0.9036357864463525
8,9,0.8908060946959969
8,108,0.8981455867472675
9,8,0.8908060946959969
9,10,0.8780210308348578
9,109,0.8853173919692716
10,9,0.8780210308348578
10,11,0.8653109786521056
10,110,0.8725311067973643
11,10,0.8653109786521056
11,12,0.8527015568376874
11,111,0.8598147852388975
12,11,0.8527015568376874
12,13,0.8402141655492166
12,112,0.8471921417657805
13,12,0.8402141655492166
13,14,0.8278665424379374
13,113,0.8346831057383366
14,13,0.8278665424379374
14,15,0.815673306968551
14,114,0.822304373428815
15,14,0.815673306968551
15,16,0.8036464733308966
15,115,0.8100699370929486
16,15,0.8036464733308966
16,17,0.7917959142205844
16,116,0.7979915722703821
17,16,0.7917959142205844
17,18,0.7801297602025254
17,117,0.7860792667176855
18,17,0.7801297602025254
18,19,0.7686547221969695
18,118,0.7743415770273561
19,18,0.7686547221969695
19,20,0.7573763277638897
19,119,0.7627859019889018
20,19,0.7573763277638897
20,21,0.746299065222752
20,120,0.751418665021488
21,20,0.746299065222752
21,22,0.7354264331400691
21,121,0.7402454014631572
22,21,0.7354264331400691
22,23,0.7247608962527181
22,122,0.7292707500463597
23,22,0.7247608962527181
23,24,0.7143037523760951
23,123,0.7184983514285826
24,23,0.7143037523760951
24,25,0.7040549181795323
24,124,0.7079306600855604
25,24,0.7040549181795323
25,26,0.6940126448075534
25,125,0.6975686791209064
26,25,0.6940126448075534
26,27,0.6841731771008397
26,126,0.6874116305126375
27,26,0.6841731771008397
27,28,0.6745303725495964
27,127,0.6774565759236539
28,27,0.6745303725495964
28,29,0.6650752980284431
28,128,0.6676980053782409
29,28,0.6650752980284431
29,30,0.6557958237615331
29,129,0.6581274127891596
30,29,0.6557958237615331
30,31,0.6466762348075883
30,130,0.6487328784611265
31,30,0.6466762348075883
31,32,0.6376968806090417
31,131,0.6394986792609396
32,31,0.6376968806090417
32,33,0.628833882804114
32,132,0.6304049471111368
33,32,0.628833882804114
33,34,0.620058920557048
33,133,0.6214273958263394
34,33,0.620058920557048
34,35,0.6113391111364708
34,134,0.6125371350783175
35,34,0.6113391111364708
35,36,0.6026370013962018
35,135,0.6037005884708087
36,35,0.6026370013962018
36,37,0.5939106832321746
36,136,0.5948795303665916
37,36,0.5939106832321746
37,38,0.5851140430617942
37,137,0.5860312532890513
38,37,0.5851140430617942
38,39,0.5761971519682063
38,138,0.5771088744829402
39,38,0.5761971519682063
39,40,0.5671067994518904
39,139,0.5680617866397669
40,39,0.5671067994518904
40,41,0.5577871698243928
40,140,0.5588362539571419
41,40,0.5577871698243928
41,42,0.548180656258818
41,141,0.5493761507008799
42,41,0.548180656258818
42,43,0.5382288034780289
42,142,0.5396238353713758
43,42,0.5382288034780289
43,44,0.5278733661152096
43,143,0.5295211495425691
44,43,0.5278733661152096
44,45,0.5170574660228606
44,144,0.5190105265440524
45,44,0.5170574660228606
45,46,0.5057268283328187
45,145,0.5080361914945258
46,45,0.5057268283328187
46,47,0.49383107297360124
46,146,0.4965454308634034
47,46,0.49383107297360124
47,48,0.48132503571694035
47,147,0.4844899068265084
48,47,0.48132503571694035
48,49,0.4681700907278643
48,148,0.471826989272194
49,48,0.4681700907278643
49,50,0.45433544509575546
49,149,0.45852107647638307
50,49,0.45433544509575546
50,51,0.43979937497810556
50,150,0.44454487425694633
51,50,0.43979937497810556
51,52,0.4245503728304715
51,151,0.4298806028839459
52,51,0.4245503728304715
52,53,0.4085881757462504
52,152,0.4145211011918617
53,52,0.4085881757462504
53,54,0.3919246461931839
53,153,0.39847079822658876
54,53,0.3919246461931839
54,55,0.37458447839838716
54,154,0.3817465243608492
55,54,0.37458447839838716
55,56,0.356605706272309
55,155,0.3643781361074828
56,55,0.356605706272309
56,57,0.3380399920305625
56,156,0.3464089318152095
57,56,0.3380399920305625
57,58,0.3189526785121677
57,157,0.32789583899469427
58,57,0.3189526785121677
58,59,0.2994225925305515
58,158,0.3089093581281287
59,58,0.2994225925305515
59,60,0.27954159134430884
59,159,0.28953325238370364
60,59,0.27954159134430884
60,61,0.25941384940215506
60,160,0.269863977596131
61,60,0.25941384940215506
61,62,0.2391548877958865
61,161,0.25000985208472526
62,61,0.2391548877958865
62,63,0.21889035423519468
62,162,0.230089971252662
63,62,0.21889035423519468
63,64,0.1987545667234773
63,163,0.2102328773306224
64,63,0.1987545667234773
64,65,0.17888883934736843
64,164,0.19057499997793687
65,64,0.17888883934736843
65,66,0.15943961357859818
65,165,0.1712588886168983
66,65,0.15943961357859818
66,67,0.14055642311259564
66,166,0.15243126223578463
67,66,0.14055642311259564
67,68,0.122389724427615
67,167,0.13424090684264578
68,67,0.122389724427615
68,69,0.10508862884330392
68,168,0.1168364546817023
69,68,0.10508862884330392
69,70,0.08879857480143583
69,169,0.10036408264360883
70,69,0.08879857480143583
70,71,0.07365898130967907
70,170,0.08496516992778286
71,70,0.07365898130967907
71,72,0.059800924921974696
71,171,0.07077395688139242
72,71,0.059800924921974696
72,73,0.04734488323255154
72,172,0.057915247992406556
73,72,0.04734488323255154
73,74,0.03639858760811705
73,173,0.04650220221726212
74,73,0.03639858760811705
74,75,0.027055026765511806
74,174,0.03663425315848961
75,74,0.027055026765511806
75,76,0.019390640829547938
75,175,0.028395200073854057
76,75,0.019390640829547938
76,77,0.013463742705512097
76,176,0.02185150831415006
77,76,0.013463742705512097
77,78,0.00931320001841132
77,177,0.017050854588214433
78,77,0.00931320001841132
78,79,0.006957406568965074
78,178,0.01402094849477601
79,78,0.006957406568965074
79,80,0.00639356731293815
79,179,0.012768657112178634
80,79,0.00639356731293815
80,81,0.007597315378317467
80,180,0.013279454184561732
81,80,0.007597315378317467
81,82,0.01052267369919971
81,181,0.01551720968634351
82,81,0.01052267369919971
82,83,0.01510236758148574
82,182,0.01942432939686741
83,82,0.01510236758148574
83,84,0.02124848804700722
83,183,0.024922247694295255
84,83,0.02124848804700722
84,85,0.02885349925838149
84,184,0.03191227020954972
85,84,0.02885349925838149
85,86,0.03779157683824719
85,185,0.04027675639888571
86,85,0.03779157683824719
86,87,0.04792025759505093
86,186,0.049880625630463346
87,86,0.04792025759505093
87,88,0.059082375182069054
87,187,0.06057316416773324
88,87,0.059082375182069054
88,89,0.07110825066990939
88,188,0.07219010459828434
89,88,0.07110825066990939
89,90,0.08381810202040807
89,189,0.084555943921405
90,89,0.08381810202040807
90,91,0.09702463211601847
90,190,0.09748646178274589
91,90,0.09702463211601847
91,92,0.11053575141488911
91,191,0.11079139632919813
92,91,0.11053575141488911
92,93,0.12415738854450999
92,192,0.12427723193733528
93,92,0.12415738854450999
93,94,0.13769634027608985
93,193,0.1377500507138915
94,93,0.13769634027608985
94,95,0.15096311137985746
94,194,0.15101839822932953
95,94,0.15096311137985746
95,96,0.16377469487152863
95,195,0.16389611345910066
96,95,0.16377469487152863
96,97,0.17595724412611502
96,196,0.17620507338635455
97,96,0.17595724412611502
97,98,0.1873485902413613
97,197,0.1877778041589702
98,97,0.1873485902413613
98,99,0.19780056084431058
98,198,0.19845991306812683
99,98,0.19780056084431058
99,199,0.2081122988805807
100,0,0.9971133685012548
100,101,0.991806891033466
100,200,0.9975038576993283
101,1,0.9856278756791791
101,100,0.991806891033466
101,102,0.9802481320574936
101,201,0.9863167120367597
102,2,0.9737536144848987
102,101,0.9802481320574936
102,103,0.9683229495749914
102,202,0.9747102088502058
103,3,0.9615664273024435
103,102,0.9683229495749914
103,104,0.9561030856236683
103,203,0.9627579222044476
104,4,0.9491358789978392
104,103,0.9561030856236683
104,105,0.9436540539010845
104,204,0.9505274430924247
105,5,0.936525073076107
105,104,0.9436540539010845
105,106,0.9310350390699902
105,205,0.9380802080375323
106,6,0.923790622611599
106,105,0.9310350390699902
106,107,0.9182989429609538
106,206,0.9254714798399206
107,7,0.910982762506023
107,106,0.9182989429609538
107,108,0.9054925628069381
107,207,0.9127504670987094
108,8,0.8981455867472675
108,107,0.9054925628069381
108,109,0.8926568840205422
108,208,0.8999605662728385
109,9,0.8853173919692716
109,108,0.8926568840205422
109,110,0.8798274679317781
109,209,0.8871397076779809
110,10,0.8725311067973643
110,109,0.8798274679317781
110,111,0.8670349133841564
110,210,0.8743207850044644
111,11,0.8598147852388975
111,110,0.8670349133841564
111,112,0.8543053701669906
111,211,0.861532146716368
112,12,0.8471921417657805
112,111,0.8543053701669906
112,113,0.8416610819549006
112,212,0.8487981270754689
113,13,0.8346831057383366
113,112,0.8416610819549006
113,114,0.8291209367292143
113,213,0.8361395945310257
114,14,0.822304373428815
114,113,0.8291209367292143
114,115,0.8167010035532126
114,214,0.8235744958181319
115,15,0.8100699370929486
115,114,0.8167010035532126
115,116,0.8044150360324342
115,215,0.8111183752895097
116,16,0.7979915722703821
116,115,0.8044150360324342
116,117,0.7922749247674832
116,216,0.7987848507299997
117,17,0.7860792667176855
117,116,0.7922749247674832
117,118,0.7802910835425161
117,217,0.7865860291184685
118,18,0.7743415770273561
118,117,0.7802910835425161
118,119,0.7684727568192884
118,218,0.77453284844547
119,19,0.7627859019889018
119,118,0.7684727568192884
119,120,0.7568282392465001
119,219,0.7626353346934095
120,20,0.751418665021488
120,119,0.7568282392465001
120,121,0.7453650012618932
120,220,0.7509027663575303
121,21,0.7402454014631572
121,120,0.7453650012618932
121,122,0.7340897183694479
121,221,0.7393437423424357
122,22,0.7292707500463597
122,121,0.7340897183694479
122,123,0.7230082052222242
122,222,0.7279661526175245
123,23,0.7184983514285826
123,122,0.7230082052222242
123,124,0.712125259138048
123,223,0.716777054560811
124,24,0.7079306600855604
124,123,0.712125259138048
124,125,0.7014444210269345
124,224,0.7057824613695058
125,25,0.6975686791209064
125,124,0.7014444210269345
125,126,0.6909676648259905
125,225,0.6949870521753021
126,26,0.6874116305126375
126,125,0.6909676648259905
126,127,0.6806950293354517
126,226,0.6843938164848566
127,27,0.6774565759236539
127,126,0.6806950293354517
127,128,0.6706242087522982
127,227,0.674003648190822
128,28,0.6676980053782409
128,127,0.6706242087522982
128,129,0.6607501201389574
128,228,0.6638149065938843
129,29,0.6581274127891596
129,128,0.6607501201389574
129,130,0.6510644674887531
129,229,0.653822963580052
130,30,0.6487328784611265
130,129,0.6510644674887531
130,131,0.6415553229144779
130,230,0.6440197572605332
131,31,0.6394986792609396
131,130,0.6415553229144779
131,132,0.6322067457630347
131,231,0.6343933729676279
132,32,0.6304049471111368
132,131,0.6322067457630347
132,133,0.6229984601333622
132,232,0.6249276724873278
133,33,0.6214273958263394
133,132,0.6229984601333622
133,134,0.6139056103476089
133,233,0.6156019917905002
134,34,0.6125371350783175
134,133,0.6139056103476089
134,135,0.6048986124126554
134,234,0.6063909263077055
135,35,0.6037005884708087
135,134,0.6048986124126554
135,136,0.5959431174411984
135,235,0.5972642210007797
136,36,0.5948795303665916
136,135,0.5959431174411984
136,137,0.5870001004234684
136,236,0.588186780154867
137,37,0.5860312532890513
137,136,0.5870001004234684
137,138,0.5780260847101975
137,237,0.5791188089988673
138,38,0.5771088744829402
138,137,0.5780260847101975
138,139,0.568973509154501
138,238,0.570016096024252
139,39,0.5680617866397669
139,138,0.568973509154501
139,140,0.5597912411450184
139,239,0.5608304412870726
140,40,0.5588362539571419
140,139,0.5597912411450184
140,141,0.5504252348336289
140,240,0.5515102321303741
141,41,0.5493761507008799
141,140,0.5504252348336289
141,142,0.5408193298134376
141,241,0.5420011637465261
142,42,0.5396238353713758
142,141,0.5408193298134376
142,143,0.530916181435916
142,242,0.5322470979089298
143,43,0.5295211495425691
143,142,0.530916181435916
143,144,0.5206583099714119
143,243,0.5221910491411577
144,44,0.5190105265440524
144,143,0.5206583099714119
144,145,0.5099892520157177
144,244,0.5117762836607171
145,45,0.5080361914945258
145,144,0.5099892520157177
145,146,0.49885479402511057
145,245,0.5009475127346654
146,46,0.4965454308634034
146,145,0.49885479402511057
146,147,0.4872042647163106
146,246,0.4896521587115822
147,47,0.4844899068265084
147,146,0.4872042647163106
147,148,0.4749918603817621
147,247,0.47784166903924014
148,48,0.471826989272194
148,147,0.4749918603817621
148,149,0.46217797502071273
148,248,0.4654728511213986
149,49,0.45852107647638307
149,148,0.46217797502071273
149,150,0.4487305056375739
149,249,0.4525091989819174
150,50,0.44454487425694633
150,149,0.4487305056375739
150,151,0.4346261021627867
150,250,0.4389221814489792
151,51,0.4298806028839459
151,150,0.4346261021627867
151,152,0.41985133124533613
151,251,0.42469246099205593
152,52,0.4145211011918617
152,151,0.41985133124533613
152,153,0.4044037236722001
152,252,0.40981101246979706
153,53,0.39847079822658876
153,152,0.4044037236722001
153,154,0.3882926763942541
153,253,0.394280111892911
154,54,0.3817465243608492
154,153,0.3882926763942541
154,155,0.3715401820699449
154,254,0.3781141668704566
155,55,0.3643781361074828
155,154,0.3715401820699449
155,156,0.3541813616503833
155,255,0.3613403626725016
156,56,0.3464089318152095
156,155,0.3541813616503833
156,157,0.33626477877934124
156,256,0.34399910077198254
157,57,0.32789583899469427
157,156,0.33626477877934124
157,158,0.31785251861065533
157,257,0.3261442102733333
158,58,0.3089093581281287
158,157,0.31785251861065533
158,159,0.29902001798128086
158,258,0.30784291672957026
159,59,0.28953325238370364
159,158,0.29902001798128086
159,160,0.27985563863552587
159,259,0.2891755574140764
160,60,0.269863977596131
160,159,0.27985563863552587
160,161,0.2604599802787012
160,260,0.2702350370572889
161,61,0.25000985208472526
161,160,0.2604599802787012
161,162,0.2409449355415008
161,261,0.25112602328082523
162,62,0.230089971252662
162,161,0.2409449355415008
162,163,0.22143249434808976
162,262,0.23196388635321946
163,63,0.2102328773306224
163,162,0.22143249434808976
163,164,0.20205331058508197
163,263,0.21287339333772304
164,64,0.19057499997793687
164,163,0.20205331058508197
164,165,0.18294504924746674
164,264,0.19398717208572785
165,65,0.1712588886168983
165,164,0.18294504924746674
165,166,0.16425053727408473
165,265,0.17544396573088097
166,66,0.15243126223578463
166,165,0.16425053727408473
166,167,0.14611574596583474
166,266,0.157386703242544
167,67,0.13424090684264578
167,166,0.14611574596583474
167,168,0.12868763709673306
167,267,0.13996041609113674
168,68,0.1168364546817023
168,167,0.12868763709673306
168,169,0.11211190848200721
168,268,0.12331003505753818
169,69,0.10036408264360883
169,168,0.11211190848200721
169,170,0.09653067776995586
169,269,0.10757810458903061
170,70,0.08496516992778286
170,169,0.09653067776995586
170,171,0.08208014549949622
170,270,0.09290245478193891
171,71,0.07077395688139242
171,170,0.08208014549949622
171,172,0.06888827995182428
171,271,0.07941387298650965
172,72,0.057915247992406556
172,171,0.06888827995182428
172,173,0.05707256697711713
172,272,0.0672338181283956
173,73,0.04650220221726212
173,172,0.05707256697711713
173,174,0.04673786776763468
173,273,0.056472221085852634
174,74,0.03663425315848961
174,173,0.04673786776763468
174,175,0.037974426466831857
174,274,0.047225413832536436
175,75,0.028395200073854057
175,174,0.037974426466831857
175,176,0.030856067558456178
175,275,0.03957422855118383
176,76,0.02185150831415006
176,175,0.030856067558456178
176,177,0.02543862019685239
176,276,0.03358230556053065
177,77,0.017050854588214433
177,176,0.02543862019685239
177,178,0.02175860306457912
177,277,0.029294645712132774
178,78,0.01402094849477601
178,177,0.02175860306457912
178,179,0.01983219903798957
178,278,0.026736438958608638
179,79,0.012768657112178634
179,178,0.01983219903798957
179,180,0.019654543983802217
179,279,0.025912196140493577
180,80,0.013279454184561732
180,179,0.019654543983802217
180,181,0.021199348492587776
180,280,0.026805205771147735
181,81,0.01551720968634351
181,180,0.021199348492587776
181,182,0.02441886538401121
181,281,0.029377331817606742
182,82,0.01942432939686741
182,181,0.02441886538401121
182,183,0.029244209509676926
182,282,0.03356916229142577
183,83,0.024922247694295255
183,182,0.029244209509676926
183,184,0.03558602985683776
183,283,0.0393005119985418
184,84,0.03191227020954972
184,183,0.03558602985683776
184,185,0.04333552735005394
184,284,0.04647127617916845
185,85,0.04027675639888571
185,184,0.04333552735005394
185,186,0.05236580519110187
185,285,0.05496262513039828
186,86,0.049880625630463346
186,185,0.05236580519110187
186,187,0.06253353220314564
186,286,0.06463852337992756
187,87,0.06057316416773324
187,186,0.06253353220314564
187,188,0.07368089358394853
187,287,0.07534755070226078
188,88,0.07219010459828434
188,187,0.07368089358394853
188,189,0.08563779784977996
188,288,0.08692499636825285
189,89,0.084555943921405
189,188,0.08563779784977996
189,190,0.09822430368374283
189,289,0.0991951926173214
190,90,0.09748646178274589
190,189,0.09822430368374283
190,191,0.11125322599592556
190,290,0.11197404855242699
191,91,0.11079139632919813
191,190,0.11125322599592556
191,192,0.12453287685164431
191,291,0.12507174158224366
192,92,0.12427723193733528
192,191,0.12453287685164431
192,193,0.1378698941067168
192,292,0.1382955202604104
193,93,0.1377500507138915
193,192,0.1378698941067168
193,194,0.15107210866713117
193,293,0.15145256996968867
194,94,0.15101839822932953
194,193,0.15107210866713117
194,195,0.1639514003085727
194,294,0.16435289142344323
195,95,0.16389611345910066
195,194,0.1639514003085727
195,196,0.17632649197392655
195,295,0.17681214144320534
196,96,0.17620507338635455
196,195,0.17632649197392655
196,197,0.1880256334192097
196,296,0.1886543859351381
197,97,0.1877778041589702
197,196,0.1880256334192097
197,198,0.19888912698573574
197,297,0.1997147164254155
198,98,0.19845991306812683
198,197,0.19888912698573574
198,199,0.20877165110439694
198,298,0.20984168390092645
199,99,0.2081122988805807
199,198,0.20877165110439694
199,299,0.21889950699323785
200,100,0.9975038576993283
200,201,0.9920136787026221
200,300,0.997170093090838
201,101,0.9863167120367597
201,200,0.9920136787026221
201,202,0.980778788829472
201,301,0.9863592920722204
202,102,0.9747102088502058
202,201,0.980778788829472
202,203,0.9691451814796619
202,302,0.9750980122009619
203,103,0.9627579222044476
203,202,0.9691451814796619
203,204,0.9571822796732039
203,303,0.9634571833614568
204,104,0.9505274430924247
204,203,0.9571822796732039
204,205,0.9449535972288725
204,304,0.9515020778133191
205,105,0.9380802080375323
205,204,0.9449535972288725
205,206,0.9325166488074628
205,305,0.9392921503431646
206,106,0.9254714798399206
206,205,0.9325166488074628
206,207,0.9199230039776762
206,306,0.9268810274236337
207,107,0.9127504670987094
207,206,0.9199230039776762
207,208,0.9072184705646098
207,307,0.914316632173198
208,108,0.8999605662728385
208,207,0.9072184705646098
208,209,0.8944433899302773
208,308,0.9016414290597117
209,109,0.8871397076779809
209,208,0.8944433899302773
209,210,0.8816330247506672
209,309,0.8888927699372089
210,110,0.8743207850044644
210,209,0.8816330247506672
210,211,0.868818018336676
210,310,0.8761033211984113
211,111,0.861532146716368
211,210,0.868818018336676
211,212,0.8560249036248463
211,311,0.8633015506001065
212,112,0.8487981270754689
212,211,0.8560249036248463
212,213,0.843276639651594
212,312,0.8505122516963739
213,113,0.8361395945310257
213,212,0.843276639651594
213,214,0.8305931536199433
213,313,0.8377570838016994
214,114,0.8235744958181319
214,213,0.8305931536199433
214,215,0.8179918675544289
214,314,0.8250551059939257
215,115,0.8111183752895097
215,214,0.8179918675544289
215,216,0.8054881899870752
215,315,0.8124232848325864
216,116,0.7987848507299997
216,215,0.8054881899870752
216,217,0.7930959550809851
216,316,0.7998769571742324
217,117,0.7865860291184685
217,216,0.7930959550809851
217,218,0.7808277940214224
217,317,0.7874302316627582
218,118,0.77453284844547
218,217,0.7808277940214224
218,219,0.7686954263195911
218,318,0.7750963150973703
219,119,0.7626353346934095
219,218,0.7686954263195911
219,220,0.7567098618044397
219,319,0.7628877528613305
220,120,0.7509027663575303
220,219,0.7567098618044397
220,221,0.7448815074380728
220,320,0.7508165758500527
221,121,0.7393437423424357
221,220,0.7448815074380728
221,222,0.7332201765905124
221,321,0.7388943497799523
222,122,0.7279661526175245
222,221,0.7332201765905124
222,223,0.7217350019561113
222,322,0.7271321262976382
223,123,0.716777054560811
223,222,0.7217350019561113
223,224,0.7104342567922688
223,323,0.7155402988481998
224,124,0.7057824613695058
224,223,0.7104342567922688
224,225,0.6993250925178733
224,324,0.7041283697072827
225,125,0.6949870521753021
225,224,0.6993250925178733
225,226,0.6884132038341682
225,325,0.6929046378421531
226,126,0.6843938164848566
226,225,0.6884132038341682
226,227,0.6777024353402269
226,326,0.6818758202545934
227,127,0.674003648190822
227,226,0.6777024353402269
227,228,0.6671943460324081
227,327,0.6710466220922576
228,128,0.6638149065938843
228,227,0.6671943460324081
228,229,0.656887750034979
228,328,0.6604192730227442
229,129,0.653822963580052
229,228,0.656887750034979
229,230,0.646778253351832
229,329,0.649993049084153
230,130,0.6440197572605332
230,229,0.646778253351832
230,231,0.6368578073136831
230,330,0.6397638004073118
231,131,0.6343933729676279
231,230,0.6368578073136831
231,232,0.6271142996919209
231,331,0.6297235058112474
232,132,0.6249276724873278
232,231,0.6271142996919209
232,233,0.6175312041444658
232,332,0.6198598752823002
233,133,0.6156019917905002
233,232,0.6175312041444658
233,234,0.6080873077505968
233,333,0.6101560207504675
234,134,0.6063909263077055
234,233,0.6080873077505968
234,235,0.5987565348958297
234,334,0.6005902143813843
235,135,0.5972642210007797
235,234,0.5987565348958297
235,236,0.5895078837144483
235,335,0.5911357518308651
236,136,0.588186780154867
236,235,0.5895078837144483
236,237,0.5803054887302659
236,336,0.5817609355979374
237,137,0.5791188089988673
237,236,0.5803054887302659
237,238,0.5711088203129218
237,337,0.5724291908122302
238,138,0.570016096024252
238,237,0.5711088203129218
238,239,0.5618730281568236
238,338,0.5630993225657555
239,139,0.5608304412870726
239,238,0.5618730281568236
239,240,0.5525494322724283
239,339,0.553725920322073
240,140,0.5515102321303741
240,239,0.5525494322724283
240,241,0.5430861610432712
240,340,0.5442599110917061
241,141,0.5420011637465261
241,240,0.5430861610432712
241,242,0.5334289318420182
241,341,0.5346492590434833
242,142,0.5322470979089298
242,241,0.5334289318420182
242,243,0.5235219656141714
242,342,0.5248398051246987
243,143,0.5221910491411577
243,242,0.5235219656141714
243,244,0.5133090228304629
243,343,0.5147762361895452
244,144,0.5117762836607171
244,243,0.5133090228304629
244,245,0.5027345443796648
244,344,0.50440316918711
245,145,0.5009475127346654
245,244,0.5027345443796648
245,246,0.491744877421137
245,345,0.49366633223787143
246,146,0.4896521587115822
246,245,0.491744877421137
246,247,0.48028956303451176
246,346,0.48251382102788354
247,147,0.47784166903924014
247,246,0.48028956303451176
247,248,0.46832265977887666
247,347,0.4708974059633597
248,148,0.4654728511213986
248,247,0.46832265977887666
248,249,0.45580407508260323
248,348,0.4587738630376403
249,149,0.4525091989819174
249,248,0.45580407508260323
249,250,0.44270087479332265
249,349,0.4461062994395921
250,150,0.4389221814489792
250,249,0.44270087479332265
250,251,0.4289885402782484
250,350,0.43286544363738305
251,151,0.42469246099205593
251,250,0.4289885402782484
251,252,0.4146521422165168
251,351,0.419030869050635
252,152,0.40981101246979706
252,251,0.4146521422165168
252,253,0.39968740069050795
252,352,0.4045921205085337
253,153,0.394280111892911
253,252,0.39968740069050795
253,254,0.38410160236911356
253,353,0.38954971349722156
254,154,0.3781141668704566
254,253,0.38410160236911356
254,255,0.3679143474730133
254,354,0.37391597772580654
255,155,0.3613403626725016
255,254,0.3679143474730133
255,256,0.3511581017941008
255,355,0.35771571876919217
256,156,0.34399910077198254
256,255,0.3511581017941008
256,257,0.33387853226597464
256,356,0.3409866744437685
257,157,0.3261442102733333
257,256,0.33387853226597464
257,258,0.3161346083922483
257,357,0.32377974608904436
258,158,0.30784291672957026
258,257,0.3161346083922483
258,259,0.2979984561623658
258,358,0.30615898899980376
259,159,0.2891755574140764
259,258,0.2979984561623658
259,260,0.2795549558358395
259,359,0.2882013508008995
260,160,0.2702350370572889
260,259,0.2795549558358395
260,261,0.2609010800594129
260,360,0.2699961514897608
261,161,0.25112602328082523
261,260,0.2609010800594129
261,262,0.24214497409254393
261,361,0.2516443040892872
262,162,0.23196388635321946
262,261,0.24214497409254393
262,263,0.2234047853428528
262,362,0.23325728024704098
263,163,0.21287339333772304
263,262,0.2234047853428528
263,264,0.20480725483836892
263,363,0.2149558305707922
264,164,0.19398717208572785
264,263,0.20480725483836892
264,265,0.18648608856914212
264,364,0.19686847488741369
265,165,0.17544396573088097
265,264,0.18648608856914212
265,266,0.16858013169934022
265,365,0.179129782833024
266,166,0.157386703242544
266,265,0.16858013169934022
266,267,0.15123137336784598
266,366,0.161878470110205
267,167,0.13996041609113674
267,266,0.15123137336784598
267,268,0.13458281405194186
267,367,0.14525534027055392
268,168,0.12331003505753818
268,267,0.13458281405194186
268,269,0.1187762311645616
268,368,0.12940110589238613
269,169,0.10757810458903061
269,268,0.1187762311645616
269,270,0.10394988160101368
269,369,0.11445412642797241
270,170,0.09290245478193891
270,269,0.10394988160101368
270,271,0.09023618226895236
270,370,0.10054810270799511
271,171,0.07941387298650965
271,270,0.09023618226895236
271,272,0.07775941116308097
271,371,0.08780977004210233
272,172,0.0672338181283956
272,271,0.07775941116308097
272,273,0.06663347223713109
272,372,0.07635663298821832
273,173,0.056472221085852634
273,272,0.06663347223713109
273,274,0.05695976715075439
273,373,0.0662947851409085
274,174,0.047225413832536436
274,273,0.05695976715075439
274,275,0.048825215916888404
274,374,0.05771685668973045
275,175,0.03957422855118383
275,274,0.048825215916888404
275,276,0.04230046655325831
275,375,0.050700131019651005
276,176,0.03358230556053065
276,275,0.04230046655325831
276,277,0.03743833107581103
276,376,0.0453048692834776
277,177,0.029294645712132774
277,276,0.03743833107581103
277,278,0.03427248160616229
277,377,0.04157287870560496
278,178,0.026736438958608638
278,277,0.03427248160616229
278,279,0.03281643606111265
278,378,0.03952635642995575
279,179,0.025912196140493577
279,278,0.03281643606111265
279,280,0.0330628579278391
279,379,0.03916703607261199
280,180,0.026805205771147735
280,279,0.0330628579278391
280,281,0.034983189096166704
280,380,0.04047565886683281
281,181,0.029377331817606742
281,280,0.034983189096166704
281,282,0.0385276287250213
281,381,0.04341178549452268
282,182,0.03356916229142577
282,281,0.0385276287250213
282,283,0.04362546478029064
282,382,0.04791395849548328
283,183,0.0393005119985418
283,282,0.04362546478029064
283,284,0.05018575832087249
283,383,0.053900218655385496
284,184,0.04647127617916845
284,283,0.05018575832087249
284,285,0.058098373959512783
284,384,0.06126897212427316
285,185,0.05496262513039828
285,284,0.058098373959512783
285,286,0.06723534331922396
285,385,0.06990019834291299
286,186,0.06463852337992756
286,285,0.06723534331922396
286,287,0.07745254187904269
286,386,0.07965698228991153
287,187,0.07534755070226078
287,286,0.07745254187904269
287,288,0.08859165348656509
287,387,0.0903873482425471
288,188,0.08692499636825285
288,287,0.08859165348656509
288,289,0.10048239113579428
288,388,0.10192636629927021
289,189,0.0991951926173214
289,288,0.10048239113579428
289,290,0.11294493748600555
289,389,0.11409849746579984
290,190,0.11197404855242699
290,289,0.11294493748600555
290,291,0.1257925641387451
290,390,0.1267201382743226
291,191,0.12507174158224366
291,290,0.1257925641387451
291,292,0.13883438499100975
291,391,0.13960232178942256
292,192,0.1382955202604104
292,291,0.13883438499100975
292,293,0.15187819612338227
292,392,0.1525535285440236
293,193,0.15145256996968867
293,292,0.15187819612338227
293,294,0.1647333527260007
293,393,0.16538255851669992
294,194,0.16435289142344323
294,293,0.1647333527260007
294,295,0.17721363255807582
294,394,0.17790141376369353
295,195,0.17681214144320534
295,294,0.17721363255807582
295,296,0.18914003540441687
295,395,0.18992814079134548
296,196,0.1886543859351381
296,295,0.18914003540441687
296,297,0.20034346894134392
296,396,0.2012895822142527
297,197,0.1997147164254155
297,296,0.20034346894134392
297,298,0.2106672733406062
297,397,0.2118239886879157
298,198,0.20984168390092645
298,297,0.2106672733406062
298,299,0.21996953978976733
298,398,0.22138344450832206
299,199,0.21889950699323785
299,298,0.21996953978976733
299,399,0.22983606359144315
300,200,0.997170093090838
300,301,0.9915157064604363
300,400,0.9960761112430703
301,201,0.9863592920722204
301,300,0.9915157064604363
301,302,0.9806785154437103
301,401,0.9857109972842164
302,202,0.9750980122009619
302,301,0.9806785154437103
302,303,0.9694100140827568
302,402,0.9748645728938978
303,203,0.9634571833614568
303,302,0.9694100140827568
303,304,0.957776981501572
303,403,0.9636048256220258
304,204,0.9515020778133191
304,303,0.957776981501572
304,305,0.9458406309276111
304,404,0.9519944291592173
305,205,0.9392921503431646
305,304,0.9458406309276111
305,306,0.9336565289593354
305,405,0.9400905933602515
306,206,0.9268810274236337
306,305,0.9336565289593354
306,307,0.9212746556191556
306,406,0.9279450598358885
307,207,0.914316632173198
307,306,0.9212746556191556
307,308,0.9087395906682998
307,407,0.9156042301605138
308,208,0.9016414290597117
308,307,0.9087395906682998
308,309,0.8960908090666433
308,408,0.9031094109141058
309,209,0.8888927699372089
309,308,0.8960908090666433
309,310,0.883363066384953
309,409,0.8904971574361618
310,210,0.8761033211984113
310,309,0.883363066384953
310,311,0.8705868534618417
310,410,0.8777996963660579
311,211,0.8633015506001065
311,310,0.8705868534618417
311,312,0.8577888986716341
311,411,0.8650454058147272
312,212,0.8505122516963739
312,311,0.8577888986716341
312,313,0.8449926958464795
312,412,0.8522593313787178
313,213,0.8377570838016994
313,312,0.8449926958464795
313,314,0.8322190361756818
313,413,0.8394637161765615
314,214,0.8250551059939257
314,313,0.8322190361756818
314,315,0.8194865232720832
314,414,0.8266785236517304
315,215,0.8124232848325864
315,314,0.8194865232720832
315,316,0.8068120520197435
315,415,0.8139219330241108
316,216,0.7998769571742324
316,315,0.8068120520197435
316,317,0.7942112337560054
316,416,0.8012107889469894
317,217,0.7874302316627582
317,316,0.7942112337560054
317,318,0.781698752738706
317,417,0.7885609890900923
318,218,0.7750963150973703
318,317,0.781698752738706
318,319,0.7692886416391098
318,418,0.7759877959603203
319,219,0.7628877528613305
319,318,0.7692886416391098
319,320,0.7569944669069435
319,419,0.76350606221946
320,220,0.7508165758500527
320,319,0.7569944669069435
320,321,0.7448294181919322
320,420,0.7511303619823531
321,221,0.7388943497799523
321,320,0.7448294181919322
321,322,0.7328062994870781
321,421,0.738875023993439
322,222,0.7271321262976382
322,321,0.7328062994870781
322,323,0.7209374231897266
322,422,0.7267540660929781
323,223,0.7155402988481998
323,322,0.7209374231897266
323,324,0.7092344117632137
323,423,0.7147810339031566
324,224,0.7041283697072827
324,323,0.7092344117632137
324,325,0.6977079150315624
324,424,0.7029687500949311
325,225,0.6929046378421531
325,324,0.6977079150315624
325,326,0.6863672542625783
325,425,0.6913289838472516
326,226,0.6818758202545934
326,325,0.6863672542625783
326,327,0.6752200070066241
326,426,0.6798720530939327
327,227,0.6710466220922576
327,326,0.6752200070066241
327,328,0.6642715490825937
327,427,0.6686063747890593
328,228,0.6604192730227442
328,327,0.6642715490825937
328,329,0.6535245720719183
328,428,0.6575379806369521
329,229,0.649993049084153
329,328,0.6535245720719183
329,330,0.6429785961396328
329,429,0.6466700174651722
330,230,0.6397638004073118
330,329,0.6429785961396328
330,331,0.6326294989048762
330,430,0.6360022526183298
331,231,0.6297235058112474
331,330,0.6326294989048762
331,332,0.6224690814016267
331,431,0.6255306053790801
332,232,0.6198598752823002
332,331,0.6224690814016267
332,333,0.612484691888302
332,432,0.6152467254573233
333,233,0.6101560207504675
333,332,0.612484691888302
333,334,0.6026589273812549
333,433,0.6051376390203742
334,234,0.6005902143813843
334,333,0.6026589273812549
334,335,0.5929694313164198
334,434,0.5951854815720896
335,235,0.5911357518308651
335,334,0.5929694313164198
335,336,0.5833888037143543
335,435,0.5853673352486717
336,236,0.5817609355979374
336,335,0.5833888037143543
336,337,0.5738846376799017
336,436,0.5756551858189211
337,237,0.5724291908122302
337,336,0.5738846376799017
337,338,0.564419693065064
337,437,0.5660160119065316
338,238,0.5630993225657555
338,337,0.564419693065064
338,339,0.5549522147310049
338,438,0.5564120157538974
339,239,0.553725920322073
339,338,0.5549522147310049
339,340,0.5454363991413509
339,439,0.5468010012945048
340,240,0.5442599110917061
340,339,0.5454363991413509
340,341,0.5358230090919183
340,440,0.5371369014776044
341,241,0.5346492590434833
341,340,0.5358230090919183
341,342,0.5260601323261638
341,441,0.5273704527857728
342,242,0.5248398051246987
342,341,0.5260601323261638
342,343,0.5160940757000724
342,442,0.517450010800082
343,243,0.5147762361895452
343,342,0.5160940757000724
343,344,0.5058703825461923
343,443,0.5073224965993537
344,244,0.50440316918711
344,343,0.5058703825461923
344,345,0.49533495704531666
344,444,0.496934459831038
345,245,0.49366633223787143
345,344,0.49533495704531666
345,346,0.484435275844618
345,445,0.48623324056200035
346,246,0.48251382102788354
346,345,0.484435275844618
346,347,0.4731216639567315
346,446,0.4751682086047637
347,247,0.4708974059633597
347,346,0.4731216639567315
347,348,0.4613486092221234
347,447,0.4636920560093857
348,248,0.4587738630376403
348,347,0.4613486092221234
348,349,0.4490760873946291
348,448,0.45176211589599125
349,249,0.4461062994395921
349,348,0.4490760873946291
349,350,0.43627086828365247
349,449,0.43934167885057224
350,250,0.43286544363738305
350,349,0.43627086828365247
350,351,0.4229077724097697
350,450,0.42640127677766604
351,251,0.419030869050635
351,350,0.4229077724097697
351,352,0.408970847342652
351,451,0.41291990344504537
352,252,0.4045921205085337
352,351,0.408970847342652
352,353,0.3944544333152473
352,452,0.3988861409997723
353,253,0.38954971349722156
353,352,0.3944544333152473
353,354,0.3793640888539145
353,453,0.38429916249846297
354,254,0.37391597772580654
354,353,0.3793640888539145
354,355,0.3637173490219853
354,454,0.3691695819774531
355,255,0.35771571876919217
355,354,0.3637173490219853
355,356,0.34754429141885984
355,455,0.35352012577430514
356,256,0.3409866744437685
356,355,0.34754429141885984
356,357,0.33088788826683824
356,456,0.33738610166786026
357,257,0.32377974608904436
357,356,0.33088788826683824
357,358,0.31380412669659985
357,457,0.3208156458809863
358,258,0.30615898899980376
358,357,0.31380412669659985
358,359,0.2963618836383375
358,458,0.30386973202444073
359,259,0.2882013508008995
359,358,0.2963618836383375
359,360,0.2786425464548208
359,459,0.28662193057424784
360,260,0.2699961514897608
360,359,0.2786425464548208
360,361,0.260739375519635
360,460,0.26915791237874154
361,261,0.2516443040892872
361,360,0.260739375519635
361,362,0.2427566102437842
361,461,0.2515746948847612
362,262,0.23325728024704098
362,361,0.2427566102437842
362,363,0.22480832547498042
362,462,0.2339796351468135
363,263,0.2149558305707922
363,362,0.22480832547498042
363,364,0.20701705061983694
363,463,0.21648917912389118
364,264,0.19686847488741369
364,363,0.20701705061983694
364,365,0.1895121691512956
364,464,0.19922738215807806
365,265,0.179129782833024
365,364,0.1895121691512956
365,366,0.1724281212438888
365,465,0.18232422074818705
366,266,0.161878470110205
366,365,0.1724281212438888
366,367,0.15590243701291293
366,466,0.16591372066334234
367,267,0.14525534027055392
367,366,0.15590243701291293
367,368,0.14007363211099816
367,467,0.15013193097276734
368,268,0.12940110589238613
368,367,0.14007363211099816
368,369,0.12507900115579695
368,468,0.13511477759318238
369,269,0.11445412642797241
369,368,0.12507900115579695
369,370,0.11105234753495385
369,469,0.12099583337743992
370,270,0.10054810270799511
370,369,0.11105234753495385
370,371,0.09812169048114508
370,470,0.10790404450230504
371,271,0.08780977004210233
371,370,0.09812169048114508
371,372,0.08640699186723966
371,471,0.09596145488797778
372,272,0.07635663298821832
372,371,0.08640699186723966
372,373,0.07601794589199573
372,472,0.0852809715409101
373,273,0.0662947851409085
373,372,0.07601794589199573
373,374,0.06705187467988456
373,473,0.07596421401494051
374,274,0.05771685668973045
374,373,0.06705187467988456
374,375,0.059591771792493045
374,474,0.06809949061214107
375,275,0.050700131019651005
375,374,0.059591771792493045
375,376,0.053704533749870303
375,475,0.061759942490509284
376,276,0.0453048692834776
376,375,0.053704533749870303
376,377,0.04943941691327153
376,476,0.057001894526180825
377,277,0.04157287870560496
377,376,0.04943941691327153
377,378,0.04682675352939843
377,477,0.05386344862718605
378,278,0.03952635642995575
378,377,0.04682675352939843
378,379,0.045876956441455105
378,478,0.052363351265930363
379,279,0.03916703607261199
379,378,0.045876956441455105
379,380,0.0465798370116057
379,479,0.05250016235788253
380,280,0.04047565886683281
380,379,0.0465798370116057
380,381,0.048904255265188795
380,480,0.05425174734948082
381,281,0.04341178549452268
381,380,0.048904255265188795
381,382,0.052798115264984666
381,481,0.05757510858838731
382,282,0.04791395849548328
382,381,0.052798115264984666
382,383,0.058188712370578134
382,482,0.06240656584559697
383,283,0.053900218655385496
383,382,0.058188712370578134
383,384,0.06498343245878616
383,483,0.06866228936301227
384,284,0.06126897212427316
384,383,0.06498343245878616
384,385,0.07307079650767337
384,484,0.07623918214117584
385,285,0.06990019834291299
385,384,0.07307079650767337
385,386,0.08232183731360054
385,485,0.0850161014937692
386,286,0.07965698228991153
386,385,0.08232183731360054
386,387,0.09259178865341594
386,486,0.09485540331413148
387,287,0.0903873482425471
387,386,0.09259178865341594
387,388,0.10372206105525221
387,487,0.10560478615977317
388,288,0.10192636629927021
388,387,0.10372206105525221
388,389,0.11554247262927575
388,488,0.11709940629482699
389,289,0.11409849746579984
389,388,0.11554247262927575
389,390,0.12787369825411687
389,489,0.1291642293627867
390,290,0.1267201382743226
390,389,0.12787369825411687
390,391,0.1405298959250001
390,490,0.14161657950834183
391,291,0.13960232178942256
391,390,0.1405298959250001
391,392,0.1533214653424364
391,491,0.15426884263170487
392,292,0.1525535285440236
392,391,0.1533214653424364
392,393,0.16605789093734125
392,492,0.16693127713170325
393,293,0.16538255851669992
393,392,0.16605789093734125
393,394,0.17855061955439272
393,493,0.1794148830491001
394,294,0.17790141376369353
394,393,0.17855061955439272
394,395,0.1906159219969632
394,494,0.19153427901561443
395,295,0.18992814079134548
395,394,0.1906159219969632
395,396,0.2020776876011813
395,495,0.2031105358845259
396,296,0.2012895822142527
396,395,0.2020776876011813
396,397,0.21277010196082446
396,496,0.2139739163831597
397,297,0.2118239886879157
397,396,0.21277010196082446
397,398,0.22254015985563153
397,497,0.2239664715834228
