u,v,cost
0,1,0.4137892108638782
0,100,0.4205700914262075
1,0,0.4137892108638782
1,2,0.40964308302535535
1,101,0.41711901913198945
2,1,0.40964308302535535
2,3,0.4054075368207207
2,102,0.41339522888862285
3,2,0.4054075368207207
3,4,0.4013368296414592
3,103,0.40965724363757794
4,3,0.4013368296414592
4,5,0.39767819128171655
4,104,0.4061622778701612
5,4,0.39767819128171655
5,6,0.39466393202604194
5,105,0.4031575004146934
6,5,0.39466393202604194
6,7,0.39250480597630955
6,106,0.40087241852995503
7,6,0.39250480597630955
7,8,0.391384710185759
7,107,0.39951251934304005
8,7,0.391384710185759
8,9,0.3914567199631107
8,108,0.3992542241068963
9,8,0.3914567199631107
9,10,0.39284039127987147
9,109,0.40024113799577166
10,9,0.39284039127987147
10,11,0.3956202063385419
10,110,0.40258151734668296
11,10,0.3956202063385419
11,12,0.3998450006117075
11,111,0.4063468304657677
12,11,0.3998450006117075
12,13,0.40552819027720555
12,112,0.41157125918934234
13,12,0.40552819027720555
13,14,0.4126486178077021
13,113,0.41825197684299553
14,13,0.4126486178077021
14,15,0.4211518490472713
14,114,0.42635004328871934
15,14,0.4211518490472713
15,16,0.4309517847501796
15,115,0.435791777381002
16,15,0.4309517847501796
16,17,0.4419324896125799
16,116,0.4464704983124658
17,16,0.4419324896125799
17,18,0.45395018793483316
17,117,0.4582485661562142
18,17,0.45395018793483316
18,19,0.4668354224654446
18,118,0.470959694031356
19,18,0.4668354224654446
19,20,0.4803954169144108
19,119,0.48441154516947516
20,19,0.4803954169144108
20,21,0.49441671861220204
20,120,0.4983886633345257
21,20,0.49441671861220204
21,22,0.5086682219970694
21,121,0.5126558106178289
22,21,0.5086682219970694
22,23,0.5229046831281878
22,122,0.5269617994404581
23,22,0.5229046831281878
23,24,0.5368708284840413
23,123,0.5410439035146624
24,23,0.5368708284840413
24,25,0.5503061374502827
24,124,0.5546329146084528
25,24,0.5503061374502827
25,26,0.5629503380242816
25,125,0.5674588785811014
26,25,0.5629503380242816
26,27,0.5745496015902483
26,126,0.5792574969728554
27,26,0.5745496015902483
27,28,0.5848633585851135
27,127,0.5897771223230688
28,27,0.5848633585851135
28,29,0.59367158692332
28,128,0.5987862102976145
29,28,0.59367158692332
29,30,0.6007823543494887
29,129,0.6060810243844457
30,29,0.6007823543494887
30,31,0.6060393300085569
30,130,0.6114933246322772
31,30,0.6060393300085569
31,32,0.609328925056875
31,131,0.6148977160917055
32,31,0.609328925056875
32,33,0.6105866823220885
32,132,0.6162182904941261
33,32,0.6105866823220885
33,34,0.6098025153632955
33,133,0.615434170918538
34,33,0.6098025153632955
34,35,0.6070244012289346
34,134,0.6125835674752597
35,34,0.6070244012289346
35,36,0.60236016085413
35,135,0.6077659748840404
36,35,0.60236016085413
36,37,0.5959770169254517
36,136,0.6011421912956714
37,36,0.5959770169254517
37,38,0.5880987000455788
37,137,0.5929319112546495
38,37,0.5880987000455788
38,39,0.5789999773476734
38,138,0.5834087421263885
39,38,0.5789999773476734
39,40,0.5689985989412603
39,139,0.5728926088116929
40,39,0.5689985989412603
40,41,0.5584447909185657
40,140,0.5617396408846449
41,40,0.5584447909185657
41,42,0.5477085621958668
41,141,0.5503297729491482
42,41,0.5477085621958668
42,43,0.5371652285377881
42,142,0.5390524256656779
43,42,0.5371652285377881
43,44,0.5271796827116898
43,143,0.5282907637212193
44,43,0.5271796827116898
44,45,0.5180900469701761
44,144,0.5184051401277817
45,44,0.5180900469701761
45,46,0.5101914256850493
45,145,0.5097164261842606
46,45,0.5101914256850493
46,47,0.5037205257276139
46,146,0.5024899866450045
47,46,0.5037205257276139
47,48,0.49884192533716254
47,147,0.4969210848278496
48,47,0.49884192533716254
48,49,0.49563674576706185
48,148,0.49312248895001054
49,48,0.49563674576706185
49,50,0.4940944130160469
49,149,0.4911149972340042
50,49,0.4940944130160469
50,51,0.494108090696242
50,150,0.49082150573841415
51,50,0.494108090696242
51,52,0.49547422302112515
51,151,0.49206511209732173
52,51,0.49547422302112515
52,53,0.4978964545832526
52,152,0.4945715851986837
53,52,0.4978964545832526
53,54,0.5009939984820306
53,153,0.49797634206502955
54,53,0.5009939984820306
54,55,0.5043143154516113
54,154,0.5018358672657306
55,54,0.5043143154516113
55,56,0.5073497540381687
55,155,0.5056432968179236
56,55,0.5073497540381687
56,57,0.5095575963023091
56,156,0.508847678257438
57,56,0.5095575963023091
57,58,0.510382765746348
57,157,0.5108762221845657
58,57,0.510382765746348
58,59,0.5092822944351137
58,158,0.5111586886147552
59,58,0.5092822944351137
59,60,0.505750523754534
59,159,0.5091529135243673
60,59,0.505750523754534
60,61,0.499343935490414
60,160,0.5043703853011707
61,60,0.499343935490414
61,62,0.4897044824129849
61,161,0.496400733726209
62,61,0.4897044824129849
62,63,0.47658031342091
62,162,0.4849339996891252
63,62,0.47658031342091
63,64,0.4598428679994
63,163,0.4697796135783002
64,63,0.4598428679994
64,65,0.43949944602194047
64,164,0.45088112299008665
65,64,0.43949944602194047
65,66,0.41570053683571423
65,165,0.4283258721522617
66,65,0.41570053683571423
66,67,0.3887414086902854
66,166,0.40234903975781366
67,66,0.3887414086902854
67,68,0.3590577063078928
67,167,0.3733316799490035
68,67,0.3590577063078928
68,69,0.32721506944577183
68,168,0.3417926722613718
69,68,0.32721506944577183
69,70,0.2938930561890575
69,169,0.30837475831463845
70,69,0.2938930561890575
70,71,0.25986391840522705
70,170,0.2738251129940683
71,70,0.25986391840522705
71,72,0.22596702035789004
71,171,0.23897115270853275
72,71,0.22596702035789004
72,73,0.19307990275343115
72,172,0.20469251044668596
73,72,0.19307990275343115
73,74,0.16208716271018617
73,173,0.17189029533658723
74,73,0.16208716271018617
74,75,0.13384843649521655
74,174,0.1414548935533192
75,74,0.13384843649521655
75,76,0.10916683001007241
75,175,0.1142336502893272
76,75,0.10916683001007241
76,77,0.08875913836458753
76,176,0.09099979435686664
77,76,0.08875913836458753
77,78,0.07322912991091321
77,177,0.07242392603790546
78,77,0.07322912991091321
78,79,0.06304504434873731
78,178,0.0590492863207549
79,78,0.06304504434873731
79,80,0.05852227446657199
79,179,0.05127186599997212
80,79,0.05852227446657199
80,81,0.059811974991565695
80,180,0.04932620346238212
81,80,0.059811974991565695
81,82,0.06689608045506469
81,181,0.05327747005575958
82,81,0.06689608045506469
82,83,0.07958892933449861
82,182,0.06302016350817857
83,82,0.07958892933449861
83,84,0.09754539759886027
83,183,0.07828343617819147
84,83,0.09754539759886027
84,85,0.12027515528273577
84,184,0.09864279002417689
85,84,0.12027515528273577
85,86,0.14716238877185944
85,185,0.12353758824810981
86,85,0.14716238877185944
86,87,0.17749009213764336
86,186,0.1522935781491213
87,86,0.17749009213764336
87,88,0.21046783459025184
87,187,0.18414940307539399
88,87,0.21046783459025184
88,89,0.2452617672719179
88,188,0.21828591383096818
89,88,0.2452617672719179
89,90,0.28102554791280754
89,189,0.25385697937468005
90,89,0.28102554791280754
90,91,0.31693084009424743
90,190,0.2900204481939207
91,90,0.31693084009424743
91,92,0.35219608563784144
91,191,0.3259679272974507
92,91,0.35219608563784144
92,93,0.38611235142228695
92,192,0.3609521241039281
93,92,0.38611235142228695
93,94,0.418065210147152
93,193,0.39431063323384974
94,93,0.418065210147152
94,95,0.4475518198992382
94,194,0.4254852380744122
95,94,0.4475518198992382
95,96,0.47419260921280626
95,195,0.45403602619666583
96,95,0.47419260921280626
96,97,0.4977372402797775
96,196,0.47964987647563045
97,96,0.4977372402797775
97,98,0.5180647995828955
97,197,0.5021431509195942
98,97,0.5180647995828955
98,99,0.5351784386082993
98,198,0.5214587018713785
99,98,0.5351784386082993
99,199,0.5376575715309397
100,0,0.4205700914262075
100,101,0.42389989969431874
100,200,0.4302054521606834
101,1,0.41711901913198945
101,100,0.42389989969431874
101,102,0.420871164995257
101,201,0.42791242148856556
102,2,0.41339522888862285
102,101,0.420871164995257
102,103,0.41764493570548006
102,202,0.42523587469429375
103,3,0.40965724363757794
103,102,0.41764493570548006
103,104,0.41448269186627984
103,203,0.4224399657834127
104,4,0.4061622778701612
104,103,0.41448269186627984
104,105,0.411641587003138
104,204,0.4197906300415443
105,5,0.4031575004146934
105,104,0.411641587003138
105,106,0.4093659869186065
105,205,0.41754631135188264
106,6,0.40087241852995503
106,105,0.4093659869186065
106,107,0.4078801318966856
106,206,0.4159496545282342
107,7,0.39951251934304005
107,106,0.4078801318966856
107,108,0.4073820332641774
107,207,0.4152203295694847
108,8,0.3992542241068963
108,107,0.4073820332641774
108,109,0.4080386421395572
108,208,0.415549082547061
109,9,0.40024113799577166
109,108,0.4080386421395572
109,110,0.4099822640625832
109,209,0.41709304152550236
110,10,0.40258151734668296
110,109,0.4099822640625832
110,111,0.41330814147390876
110,210,0.41997224922406945
111,11,0.4063468304657677
111,110,0.41330814147390876
111,112,0.41807308904340257
111,211,0.42426734984497216
112,12,0.41157125918934234
112,111,0.41807308904340257
112,113,0.4242950457551323
112,212,0.43001832731568024
113,13,0.41825197684299553
113,112,0.4242950457551323
113,114,0.43195340232401275
113,213,0.437224176643781
114,14,0.42635004328871934
114,113,0.43195340232401275
114,115,0.44098997162245
114,214,0.44584338852515465
115,15,0.435791777381002
115,114,0.44098997162245
115,116,0.45131049094328823
115,215,0.45579513806514727
116,16,0.4464704983124658
116,115,0.45131049094328823
116,117,0.4627865748561001
116,216,0.466961088834783
117,17,0.4582485661562142
117,116,0.4627865748561001
117,118,0.47525807225273703
117,217,0.47918775015773674
118,18,0.470959694031356
118,117,0.47525807225273703
118,119,0.4885358167353865
118,218,0.4922893547443077
119,19,0.48441154516947516
119,118,0.4885358167353865
119,120,0.5024047915895901
119,219,0.5060512516540007
120,20,0.4983886633345257
120,119,0.5024047915895901
120,121,0.5166277553401526
120,220,0.5202338323430948
121,21,0.5126558106178289
121,120,0.5166277553401526
121,122,0.5309493880612177
121,221,0.5345770219617958
122,22,0.5269617994404581
122,121,0.5309493880612177
122,123,0.5451010198269327
122,222,0.5488053715521626
123,23,0.5410439035146624
123,122,0.5451010198269327
123,124,0.5588059896390738
123,223,0.5626337777421373
124,24,0.5546329146084528
124,123,0.5588059896390738
124,125,0.5717856557392715
124,224,0.5757738343952462
125,25,0.5674588785811014
125,124,0.5717856557392715
125,126,0.5837660375296753
125,225,0.5879407860809323
126,26,0.5792574969728554
126,125,0.5837660375296753
126,127,0.594485017705676
126,226,0.5988610079511382
127,27,0.5897771223230688
127,126,0.594485017705676
127,128,0.6036999740355697
127,227,0.6082798834845031
128,28,0.5987862102976145
128,127,0.6036999740355697
128,129,0.6111956477587401
128,228,0.6159698943315155
129,29,0.6060810243844457
129,128,0.6111956477587401
129,130,0.6167919946672342
129,229,0.6217386795716002
130,30,0.6114933246322772
130,129,0.6167919946672342
130,131,0.6203517107154258
130,230,0.6254367698667382
131,31,0.6148977160917055
131,130,0.6203517107154258
131,132,0.6217870815289567
131,231,0.6269646601124526
132,32,0.6162182904941261
132,131,0.6217870815289567
132,133,0.6210657790905758
132,232,0.6262788568073099
133,33,0.615434170918538
133,132,0.6210657790905758
133,134,0.618215223030502
133,233,0.6233965274258777
134,34,0.6125835674752597
134,133,0.618215223030502
134,135,0.6133251411303654
134,234,0.618398391594666
135,35,0.6077659748840404
135,134,0.6133251411303654
135,136,0.6065480053255816
135,235,0.6114295296482208
136,36,0.6011421912956714
136,135,0.6065480053255816
136,137,0.5980970856248692
136,236,0.6026978436034773
137,37,0.5929319112546495
137,136,0.5980970856248692
137,138,0.5882419533354593
137,237,0.5924699876461696
138,38,0.5834087421263885
138,137,0.5882419533354593
138,139,0.577301373590408
138,238,0.581064687250148
139,39,0.5728926088116929
139,138,0.577301373590408
139,140,0.5656336507550774
139,239,0.5688434839600068
140,40,0.5617396408846449
140,139,0.5656336507550774
140,141,0.5536246229152274
140,240,0.5561990712691645
141,41,0.5503297729491482
141,140,0.5536246229152274
141,142,0.5416736364189592
141,241,0.543541519479835
142,42,0.5390524256656779
142,141,0.5416736364189592
142,143,0.5301779608491091
142,242,0.5312828167773114
143,43,0.5282907637212193
143,142,0.5301779608491091
143,144,0.5195162211373112
143,243,0.5198202724936513
144,44,0.5184051401277817
144,143,0.5195162211373112
144,145,0.5100315193418663
144,244,0.5095194292710705
145,45,0.5097164261842606
145,144,0.5100315193418663
145,146,0.502014987144216
145,245,0.5006972066890154
146,46,0.5024899866450045
146,145,0.502014987144216
146,147,0.4956905457452402
146,246,0.4936060439745392
147,47,0.4969210848278496
147,146,0.4956905457452402
147,148,0.49120164844069747
147,247,0.4884198191053927
148,48,0.49312248895001054
148,147,0.49120164844069747
148,149,0.4886007404169529
148,248,0.48522229304962305
149,49,0.4911149972340042
149,148,0.4886007404169529
149,150,0.48784208995637146
149,249,0.48399876010091675
150,50,0.49082150573841415
150,149,0.48784208995637146
150,151,0.4887785271394939
150,250,0.48463147937607487
151,51,0.49206511209732173
151,150,0.4887785271394939
151,152,0.49116247427488025
151,251,0.4868993217616998
152,52,0.4945715851986837
152,151,0.49116247427488025
152,153,0.4946514726804606
152,252,0.490481896184319
153,53,0.49797634206502955
153,152,0.4946514726804606
153,154,0.49881821084872946
153,253,0.49496822611925617
154,54,0.5018358672657306
154,153,0.49881821084872946
154,155,0.5031648486320429
154,254,0.4998698403649501
155,55,0.5056432968179236
155,154,0.5031648486320429
155,156,0.5071412210371931
155,255,0.5046379310352949
156,56,0.508847678257438
156,155,0.5071412210371931
156,157,0.5101663041396947
156,256,0.5086840268576187
157,57,0.5108762221845657
157,156,0.5101663041396947
157,158,0.5116521450529727
157,257,0.5114034417243079
158,58,0.5111586886147552
158,157,0.5116521450529727
158,159,0.5110293077040088
158,258,0.5122005971159075
159,59,0.5091529135243673
159,158,0.5110293077040088
159,160,0.5077727750710042
159,259,0.5105151915969955
160,60,0.5043703853011707
160,159,0.5077727750710042
160,161,0.5014271835369658
160,260,0.5058481086950122
161,61,0.496400733726209
161,160,0.5014271835369658
161,162,0.49163025100234925
161,261,0.49778592177806014
162,62,0.4849339996891252
162,161,0.49163025100234925
162,163,0.4781332998465154
162,262,0.48602287442412184
163,63,0.4697796135783002
163,162,0.4781332998465154
163,164,0.46081786856898693
163,263,0.4703792880516906
164,64,0.45088112299008665
164,163,0.46081786856898693
164,165,0.4397075491204079
164,264,0.4508154734303039
165,65,0.4283258721522617
165,164,0.4397075491204079
165,166,0.4149743750743611
165,265,0.4274403946382691
166,66,0.40234903975781366
166,165,0.4149743750743611
166,167,0.3869393110165318
166,266,0.40051454613213044
167,67,0.3733316799490035
167,166,0.3869393110165318
167,168,0.3560666459024824
167,267,0.3704467466986886
168,68,0.3417926722613718
168,167,0.3560666459024824
168,169,0.3229523611302384
168,268,0.337784817263052
169,69,0.30837475831463845
169,168,0.3229523611302384
169,170,0.28830681511964934
169,269,0.3032003806557749
170,70,0.2738251129940683
170,169,0.28830681511964934
170,171,0.25293234729737407
170,270,0.26746828766448205
171,71,0.23897115270853275
171,170,0.25293234729737407
171,172,0.21769664279732867
171,271,0.23144142215033214
172,72,0.20469251044668596
172,171,0.21769664279732867
172,173,0.18350290302984204
172,272,0.19602185646271683
173,73,0.17189029533658723
173,172,0.18350290302984204
173,174,0.15125802617972028
173,273,0.16212950585908556
174,74,0.1414548935533192
174,173,0.15125802617972028
174,175,0.12184010734742985
174,274,0.13066955798623672
175,75,0.1142336502893272
175,174,0.12184010734742985
175,176,0.09606661463612143
175,275,0.10250002388470422
176,76,0.09099979435686664
176,175,0.09606661463612143
176,177,0.07466458203018458
176,276,0.07840076632148761
177,77,0.07242392603790546
177,176,0.07466458203018458
177,178,0.05824408244774715
177,277,0.0590453083679677
178,78,0.0590492863207549
178,177,0.05824408244774715
178,179,0.047276107971989716
178,278,0.044976611892132354
179,79,0.05127186599997212
179,178,0.047276107971989716
179,180,0.04207579499578225
179,279,0.03658784688325195
180,80,0.04932620346238212
180,179,0.04207579499578225
180,181,0.042791698526575994
180,280,0.034108955899520954
181,81,0.05327747005575958
181,180,0.042791698526575994
181,182,0.04940155310887346
181,281,0.037599563463274636
182,82,0.06302016350817857
182,181,0.04940155310887346
182,183,0.06171467035187142
182,282,0.04694849988994538
183,83,0.07828343617819147
183,182,0.06171467035187142
183,184,0.07938082860350808
183,283,0.06187991613040542
184,84,0.09864279002417689
184,183,0.07938082860350808
184,185,0.1019052229895509
184,284,0.0819656747135838
185,85,0.12353758824810981
185,184,0.1019052229895509
185,186,0.12866877762537168
185,285,0.10664342575581268
186,86,0.1522935781491213
186,185,0.12866877762537168
186,187,0.15895288908687194
186,286,0.13523952948681583
187,87,0.18414940307539399
187,186,0.15895288908687194
187,188,0.19196748231611033
187,287,0.1669957796640626
188,88,0.21828591383096818
188,187,0.19196748231611033
188,189,0.22688112593373033
188,288,0.20109872544389532
189,89,0.25385697937468005
189,188,0.22688112593373033
189,190,0.2628518796557932
189,289,0.23671029008733108
190,90,0.2900204481939207
190,189,0.2628518796557932
190,191,0.2990575353971239
190,290,0.272998347766753
191,91,0.3259679272974507
191,190,0.2990575353971239
191,192,0.33472396576353736
191,291,0.30916594607522646
192,92,0.3609521241039281
192,191,0.33472396576353736
192,193,0.36915040591549086
192,292,0.34447794982656055
193,93,0.39431063323384974
193,192,0.36915040591549086
193,194,0.4017306611611099
193,293,0.3782840265076912
194,94,0.4254852380744122
194,193,0.4017306611611099
194,195,0.43196944437183976
194,294,0.41003708762929436
195,95,0.45403602619666583
195,194,0.43196944437183976
195,196,0.45949329345949
195,295,0.4393065331282849
196,96,0.47964987647563045
196,195,0.45949329345949
196,197,0.48405578711544717
196,296,0.46578590593364266
197,97,0.5021431509195942
197,196,0.48405578711544717
197,198,0.5055370532080772
197,297,0.48929483757800385
198,98,0.5214587018713785
198,197,0.5055370532080772
198,199,0.5239378347940189
198,298,0.5097754395082882
199,99,0.5376575715309397
199,198,0.5239378347940189
199,299,0.5272835548439133
200,100,0.4302054521606834
200,201,0.4342179739549302
200,300,0.4399379621419865
201,101,0.42791242148856556
201,200,0.4342179739549302
201,202,0.43227713118760236
201,301,0.43875109173433324
202,102,0.42523587469429375
202,201,0.43227713118760236
202,203,0.4300309047722264
202,302,0.4370713135196186
203,103,0.4224399657834127
203,202,0.4300309047722264
203,204,0.4277479039586772
203,303,0.4351684115611172
204,104,0.4197906300415443
204,203,0.4277479039586772
204,205,0.42569535439028894
204,304,0.43331726741942234
205,105,0.41754631135188264
205,204,0.42569535439028894
205,206,0.4241299789615103
205,305,0.431787968926873
206,106,0.4159496545282342
206,205,0.4241299789615103
206,207,0.42328985220103327
206,306,0.4308367087163142
207,107,0.4152203295694847
207,206,0.42328985220103327
207,208,0.4233873788523683
207,307,0.43069767927725533
208,108,0.415549082547061
208,207,0.4233873788523683
208,209,0.4246034819330061
208,308,0.4315761082310729
209,109,0.41709304152550236
209,208,0.4246034819330061
209,210,0.4270830266869886
209,309,0.4336425177536488
210,110,0.41997224922406945
210,209,0.4270830266869886
210,211,0.43093145759513285
210,310,0.43702823895142945
211,111,0.42426734984497216
211,210,0.43093145759513285
211,212,0.4362125881172499
211,311,0.44182216805231644
212,112,0.43001832731568024
212,211,0.4362125881172499
212,213,0.4429474582043289
212,312,0.4480687181224769
213,113,0.437224176643781
213,212,0.4429474582043289
213,214,0.4511141628449229
213,313,0.45576689829215156
214,114,0.44584338852515465
214,213,0.4511141628449229
214,215,0.46064855496785184
214,314,0.46487044181033077
215,115,0.45579513806514727
215,214,0.46064855496785184
215,216,0.47144573595664196
215,315,0.47528890337863106
216,116,0.466961088834783
216,215,0.47144573595664196
216,217,0.4833622641364196
216,316,0.4868896530899249
217,117,0.47918775015773674
217,216,0.4833622641364196
217,218,0.49621903264930733
217,317,0.4995007062795066
218,118,0.4922893547443077
218,217,0.49621903264930733
218,219,0.5098047896629219
218,318,0.5129143426895952
219,119,0.5060512516540007
219,218,0.5098047896629219
219,220,0.5238802924075054
219,319,0.5268914814510138
220,120,0.5202338323430948
220,219,0.5238802924075054
220,221,0.538183098964738
220,320,0.5411667875554229
221,121,0.5345770219617958
221,220,0.538183098964738
221,222,0.5524330054527407
221,321,0.5554544881915708
222,122,0.5488053715521626
222,221,0.5524330054527407
222,223,0.5663381294673672
222,322,0.5694548716432117
223,123,0.5626337777421373
223,222,0.5663381294673672
223,224,0.5796016224983097
223,323,0.5828614262957867
224,124,0.5757738343952462
224,223,0.5796016224983097
224,225,0.5919289647369069
224,324,0.5953685525031662
225,125,0.5879407860809323
225,224,0.5919289647369069
225,226,0.6030357565023952
225,325,0.6066797464371936
226,126,0.5988610079511382
226,225,0.6030357565023952
226,227,0.6126558737299652
226,326,0.6165161143601692
227,127,0.6082798834845031
227,226,0.6126558737299652
227,228,0.6205498037804489
227,327,0.6246250306799075
228,128,0.6159698943315155
228,227,0.6205498037804489
228,229,0.6265129261443756
228,328,0.6307887070460827
229,129,0.6217386795716002
229,228,0.6265129261443756
229,230,0.6303834547711042
229,329,0.6348323965088373
230,130,0.6254367698667382
230,229,0.6303834547711042
230,231,0.6320497192637651
230,330,0.6366319205146937
231,131,0.6269646601124526
231,230,0.6320497192637651
231,232,0.6314564353908059
231,331,0.6361201813431772
232,132,0.6262788568073099
232,231,0.6314564353908059
232,233,0.6286096051426118
232,332,0.6332923122239198
233,133,0.6233965274258777
233,232,0.6286096051426118
233,234,0.6235796959900415
233,333,0.628209124908694
234,134,0.618398391594666
234,233,0.6235796959900415
234,235,0.6165027801125214
234,334,0.6209985420859607
235,135,0.6114295296482208
235,234,0.6165027801125214
235,236,0.6075793679261163
235,335,0.6118547507666626
236,136,0.6026978436034773
236,235,0.6075793679261163
236,237,0.5970707456247777
236,336,0.6010348824000091
237,137,0.5924699876461696
237,236,0.5970707456247777
237,238,0.5852927215608584
237,337,0.5888531143862268
238,138,0.581064687250148
238,237,0.5852927215608584
238,239,0.5726067976197469
238,338,0.5756721928581338
239,139,0.5688434839600068
239,238,0.5726067976197469
239,240,0.5594089044740937
239,339,0.5618924938403729
240,140,0.5561990712691645
240,239,0.5594089044740937
240,241,0.546115967833772
240,340,0.5479388637895997
241,141,0.543541519479835
241,240,0.546115967833772
241,242,0.5331506998381872
241,341,0.5342456048377981
242,142,0.5312828167773114
242,241,0.5331506998381872
242,243,0.5209251284218537
242,342,0.5212400880303124
243,143,0.5198202724936513
243,242,0.5209251284218537
243,244,0.5098234806274105
243,343,0.5093255825230167
244,144,0.5095194292710705
244,243,0.5098234806274105
244,245,0.5001851166182196
244,344,0.4988639733563285
245,145,0.5006972066890154
245,244,0.5001851166182196
245,246,0.49228826351933863
245,345,0.4901590989635425
246,146,0.4936060439745392
246,245,0.49228826351933863
246,247,0.4863353173346917
246,346,0.4834414669206058
247,147,0.4884198191053927
247,246,0.4863353173346917
247,248,0.4824404637143183
247,347,0.4788550988935726
248,148,0.48522229304962305
248,247,0.4824404637143183
248,249,0.48062031273358696
248,348,0.47644721123128314
249,149,0.48399876010091675
249,248,0.48062031273358696
249,250,0.4807881495206201
249,349,0.47616135598634024
250,150,0.48463147937607487
250,249,0.4807881495206201
250,251,0.4827522739982808
250,350,0.4778345300989346
251,151,0.4868993217616998
251,250,0.4827522739982808
251,252,0.48621874367113854
251,351,0.48119861179146084
252,152,0.490481896184319
252,251,0.48621874367113854
252,253,0.4907986496231145
252,352,0.4858863085118861
253,153,0.49496822611925617
253,252,0.4907986496231145
253,254,0.49601985563547674
253,353,0.49144160730036124
254,154,0.4998698403649501
254,253,0.49601985563547674
254,255,0.501342922768202
254,354,0.49733451484795344
255,155,0.5046379310352949
255,254,0.501342922768202
255,256,0.5061807368557205
255,355,0.5029796703218452
256,156,0.5086840268576187
256,255,0.5061807368557205
256,257,0.5099211644422319
256,356,0.5077582192764729
257,157,0.5114034417243079
257,256,0.5099211644422319
257,258,0.5119518937872425
257,357,0.5110421616491584
258,158,0.5122005971159075
258,257,0.5119518937872425
258,259,0.5116864810088942
258,358,0.5122202403855305
259,159,0.5105151915969955
259,258,0.5116864810088942
259,260,0.5085905252210037
259,359,0.5107243280129203
260,160,0.5058481086950122
260,259,0.5085905252210037
260,261,0.5022068469361065
260,360,0.50605520328767
261,161,0.49778592177806014
261,260,0.5022068469361065
261,262,0.49217854519983273
261,361,0.4978065937363395
262,162,0.48602287442412184
262,261,0.49217854519983273
262,263,0.4782688626292971
262,362,0.48568639506861466
263,163,0.4703792880516906
263,262,0.4782688626292971
263,264,0.4603768929130076
263,363,0.46953406515886925
264,164,0.4508154734303039
264,263,0.4603768929130076
264,265,0.43854831894816515
264,364,0.4493333261098149
265,165,0.4274403946382691
265,264,0.43854831894816515
265,266,0.41298056569603847
265,365,0.42521948785058017
266,166,0.40051454613213044
266,265,0.41298056569603847
266,267,0.3840219818142873
266,366,0.3974809234802167
267,167,0.3704467466986886
267,266,0.3840219818142873
267,268,0.3521649180592582
267,367,0.3665544708249727
268,168,0.337784817263052
268,267,0.3521649180592582
268,269,0.3180328367885885
268,368,0.33301479551602253
269,169,0.3032003806557749
269,268,0.3180328367885885
269,270,0.28236185320060764
269,369,0.29755801631395407
270,170,0.26746828766448205
270,269,0.28236185320060764
270,271,0.24597736251744012
270,370,0.26098015090729026
271,171,0.23144142215033214
271,270,0.24597736251744012
271,272,0.2097666358157203
271,371,0.22415117761471665
272,172,0.19602185646271683
272,271,0.2097666358157203
272,273,0.17464845929196035
272,372,0.18798571369055705
273,173,0.16212950585908556
273,272,0.17464845929196035
273,274,0.141541037665602
273,373,0.1534114739823419
274,174,0.13066955798623672
274,273,0.141541037665602
274,275,0.1113294745235111
274,374,0.12133678611672885
275,175,0.10250002388470422
275,274,0.1113294745235111
275,276,0.08483417557007039
275,375,0.09261849413423517
276,176,0.07840076632148761
276,275,0.08483417557007039
276,277,0.06278149265927073
276,376,0.06803157817334984
277,177,0.0590453083679677
277,276,0.06278149265927073
277,278,0.04577783781235291
277,377,0.04824175292758602
278,178,0.044976611892132354
278,277,0.04577783781235291
278,279,0.03428835080339458
278,378,0.03378218462282655
279,179,0.03658784688325195
279,278,0.03428835080339458
279,280,0.02862100778699065
279,379,0.025035290507433507
280,180,0.034108955899520954
280,279,0.02862100778699065
280,281,0.02891682083621959
280,380,0.022220364262631805
281,181,0.037599563463274636
281,280,0.02891682083621959
281,282,0.035146510244346556
281,381,0.02538751552860246
282,182,0.04694849988994538
282,281,0.035146510244346556
282,283,0.04711374566847938
282,382,0.03441813386937641
283,183,0.06187991613040542
283,282,0.04711374566847938
283,284,0.06446476224048114
283,383,0.04903180011014819
284,184,0.0819656747135838
284,283,0.06446476224048114
284,285,0.08670387747984558
284,384,0.06879928474260025
285,185,0.10664342575581268
285,284,0.08670387747984558
285,286,0.11321417761725684
285,385,0.09316100751701803
286,186,0.13523952948681583
286,285,0.11321417761725684
286,287,0.1432824200640065
286,386,0.12145009709658662
287,187,0.1669957796640626
287,286,0.1432824200640065
287,288,0.17612702279184758
287,387,0.1529189959317302
288,188,0.20109872544389532
288,287,0.17612702279184758
288,289,0.21092788959749606
288,388,0.18676841246673576
289,189,0.23671029008733108
289,288,0.21092788959749606
289,290,0.2468567581982909
289,389,0.22217733705022044
290,190,0.272998347766753
290,289,0.2468567581982909
290,291,0.28310675844485556
290,390,0.2583328132682311
291,191,0.30916594607522646
291,290,0.28310675844485556
291,292,0.3189199301382496
291,391,0.29445819359453307
292,192,0.34447794982656055
292,291,0.3189199301382496
292,293,0.3536115704187608
292,392,0.32983870491940526
293,193,0.3782840265076912
293,292,0.3536115704187608
293,294,0.38659045297587563
293,393,0.36384330038375007
294,194,0.41003708762929436
294,293,0.38659045297587563
294,295,0.4173741763857395
294,394,0.3959419710381739
295,195,0.4393065331282849
295,294,0.4173741763857395
295,296,0.4455991456024375
295,395,0.42571792393105834
296,196,0.46578590593364266
296,295,0.4455991456024375
296,297,0.47102495639619935
296,396,0.4528742903369425
297,197,0.48929483757800385
297,296,0.47102495639619935
297,298,0.4935332238782148
297,397,0.47723529588638125
298,198,0.5097754395082882
298,297,0.4935332238782148
298,299,0.5131211595581826
298,398,0.49874208983649093
299,199,0.5272835548439133
299,298,0.5131211595581826
299,399,0.5174436803781293
300,200,0.4399379621419865
300,301,0.4444710799213895
300,400,0.44952034771066807
301,201,0.43875109173433324
301,300,0.4444710799213895
301,302,0.44354527406634947
301,401,0.44934598337391024
302,202,0.4370713135196186
302,301,0.44354527406634947
302,303,0.4422088203085094
302,402,0.44857301574609143
303,203,0.4351684115611172
303,302,0.4422088203085094
303,304,0.4407377750218624
303,403,0.44747729041954043
304,204,0.43331726741942234
304,303,0.4407377750218624
304,305,0.43940988195600644
304,404,0.44634318024536146
305,205,0.431787968926873
305,304,0.43940988195600644
305,306,0.4384946986816769
305,405,0.44545298316588244
306,206,0.4308367087163142
306,305,0.4384946986816769
306,307,0.4382445357925362
306,406,0.44507692287318434
307,207,0.43069767927725533
307,306,0.4382445357925362
307,308,0.43888640865595996
307,407,0.4454640080389053
308,208,0.4315761082310729
308,307,0.43888640865595996
308,309,0.44061514405171565
308,408,0.44683395220458194
309,209,0.4336425177536488
309,308,0.44061514405171565
309,310,0.44358773001808965
309,409,0.4493703028943593
310,210,0.43702823895142945
310,309,0.44358773001808965
310,311,0.44791894940861304
310,410,0.45321487803609317
311,211,0.44182216805231644
311,310,0.44791894940861304
311,312,0.45367829805754345
311,411,0.4584635626871212
312,212,0.4480687181224769
312,311,0.45367829805754345
312,313,0.4608881582102996
312,412,0.4651634809805253
313,213,0.45576689829215156
313,312,0.4608881582102996
313,314,0.46952317725755943
313,413,0.473311527982024
314,214,0.46487044181033077
314,313,0.46952317725755943
314,315,0.47951079022110993
314,414,0.4828542238367213
315,215,0.47528890337863106
315,314,0.47951079022110993
315,316,0.4907328205119139
315,415,0.49368883751369186
316,216,0.4868896530899249
316,315,0.4907328205119139
316,317,0.503028095233012
316,416,0.5056657183191648
317,217,0.4995007062795066
317,316,0.503028095233012
317,318,0.5161960163197945
317,417,0.5185917683591623
318,218,0.5129143426895952
318,317,0.5161960163197945
318,319,0.5300010344776873
318,418,0.5322349862067459
319,219,0.5268914814510138
319,318,0.5300010344776873
319,320,0.5441779765989312
319,419,0.5463300089929124
320,220,0.5411667875554229
320,319,0.5441779765989312
320,321,0.5584381767822557
320,420,0.5605845749391938
321,221,0.5554544881915708
321,320,0.5584381767822557
321,322,0.5724763543820418
321,421,0.5746868192518069
322,222,0.5694548716432117
322,321,0.5724763543820418
322,323,0.5859781684716313
322,422,0.5883133020696334
323,223,0.5828614262957867
323,322,0.5859781684716313
323,324,0.5986283563006434
323,423,0.6011376472102241
324,224,0.5953685525031662
324,323,0.5986283563006434
324,325,0.610119334203453
324,424,0.6128396449316625
325,225,0.6066797464371936
325,324,0.610119334203453
325,326,0.6201601042949677
325,425,0.6231146417356428
326,226,0.6165161143601692
326,325,0.6201601042949677
326,327,0.6284852713101114
326,426,0.6316830070369115
327,227,0.6246250306799075
327,326,0.6284852713101114
327,328,0.6348639339455413
327,427,0.6382994326372047
328,228,0.6307887070460827
328,327,0.6348639339455413
328,329,0.6391081774105443
328,428,0.6427617892114257
329,229,0.6348323965088373
329,328,0.6391081774105443
329,330,0.6410808622524267
329,429,0.6449192376179166
330,230,0.6366319205146937
330,329,0.6410808622524267
330,331,0.640702382594106
330,430,0.6446792750704924
331,231,0.6361201813431772
331,330,0.640702382594106
331,332,0.6379560581762911
331,431,0.6420133902063154
332,232,0.6332923122239198
332,331,0.6379560581762911
332,333,0.6328918319900019
332,432,0.6369610096069332
333,233,0.628209124908694
333,332,0.6328918319900019
333,334,0.6256279710046131
333,433,0.6296314434998411
334,234,0.6209985420859607
334,333,0.6256279710046131
334,335,0.616350512740102
334,434,0.6202035814522048
335,235,0.6118547507666626
335,334,0.616350512740102
335,336,0.6053102652405554
335,435,0.6089231501091966
336,236,0.6010348824000091
336,335,0.6053102652405554
336,337,0.5928172511614582
336,436,0.5960974235280576
337,237,0.5888531143862268
337,336,0.5928172511614582
337,338,0.5792325856835021
337,437,0.5820873703278086
338,238,0.5756721928581338
338,337,0.5792325856835021
338,339,0.5649578890787598
338,438,0.5672973274625226
339,239,0.5618924938403729
339,338,0.5649578890787598
339,340,0.5504224531558787
339,439,0.5521624036214052
340,240,0.5479388637895997
340,339,0.5504224531558787
340,341,0.5360685007936257
340,440,0.5371339308649083
341,241,0.5342456048377981
341,340,0.5360685007936257
341,342,0.5223349930299233
341,441,0.5226633952838512
342,242,0.5212400880303124
342,341,0.5223349930299233
342,343,0.5096405421314756
342,442,0.5091853800349257
343,243,0.5093255825230167
343,342,0.5096405421314756
343,344,0.49836607525193477
343,443,0.49710014087097953
344,244,0.4988639733563285
344,343,0.49836607525193477
344,345,0.48883795570165134
344,444,0.48675649941008625
345,245,0.4901590989635425
345,344,0.48883795570165134
345,346,0.48131230236480965
345,445,0.4784357777470932
346,246,0.4834414669206058
346,345,0.48131230236480965
346,347,0.4759612484794866
346,446,0.4723375055291704
347,247,0.4788550988935726
347,346,0.4759612484794866
347,348,0.4728618464105374
347,447,0.46856760456536684
348,248,0.47644721123128314
348,347,0.4728618464105374
348,349,0.4719882544840364
348,448,0.4671296952770545
349,249,0.47616135598634024
349,348,0.4719882544840364
349,350,0.4732077365646547
349,449,0.46792007442434336
350,250,0.4778345300989346
350,349,0.4732077365646547
350,351,0.47628086789211466
350,450,0.47072678698104287
351,251,0.48119861179146084
351,350,0.47628086789211466
351,352,0.48086617663220843
351,451,0.4752330609827076
352,252,0.4858863085118861
352,351,0.48086617663220843
352,353,0.48652926618913284
352,452,0.4810251985029952
353,253,0.49144160730036124
353,352,0.48652926618913284
353,354,0.4927562665128379
353,453,0.48760482592072657
354,254,0.49733451484795344
354,353,0.4927562665128379
354,355,0.4989712624015966
354,454,0.49440521074079846
355,255,0.5029796703218452
355,354,0.4989712624015966
355,356,0.5045571527425976
355,455,0.5008111595740201
356,256,0.5077582192764729
356,355,0.5045571527425976
356,357,0.5088792164833995
356,456,0.5061818318972403
357,257,0.5110421616491584
357,356,0.5088792164833995
357,358,0.5113105082474463
357,457,0.5098756461458909
358,258,0.5122202403855305
358,357,0.5113105082474463
358,359,0.5112580873895565
358,458,0.5112763270962333
359,259,0.5107243280129203
359,358,0.5112580873895565
359,360,0.5081890060795866
359,459,0.5098190537839344
360,260,0.50605520328767
360,359,0.5081890060795866
360,361,0.501654950087903
360,460,0.5050156212128925
361,261,0.4978065937363395
361,360,0.501654950087903
361,362,0.49131444360512144
361,461,0.49647753073289547
362,262,0.48568639506861466
362,361,0.49131444360512144
362,363,0.47695159759818684
362,462,0.48393597490339757
363,263,0.46953406515886925
363,362,0.47695159759818684
363,364,0.45849049835567657
363,463,0.4672577822451053
364,264,0.4493333261098149
364,363,0.45849049835567657
364,365,0.43600449501222993
364,464,0.44645653243432337
365,265,0.42521948785058017
365,364,0.43600449501222993
365,366,0.40971984563475844
365,465,0.42169823781197013
366,266,0.3974809234802167
366,365,0.40971984563475844
366,367,0.38001341249090204
366,466,0.39330120502997545
367,267,0.3665544708249727
367,366,0.38001341249090204
367,368,0.34740434828173705
367,467,0.3617299319069664
368,268,0.33301479551602253
368,367,0.34740434828173705
368,369,0.31253997504138814
368,468,0.3275831483923516
369,269,0.29755801631395407
369,368,0.31253997504138814
369,370,0.2761763140206367
369,469,0.29157636534065595
370,270,0.26098015090729026
370,369,0.2761763140206367
370,371,0.23915396600456681
370,470,0.25451953865160015
371,271,0.22415117761471665
371,370,0.23915396600456681
371,372,0.2023702554895534
371,471,0.2172906775785493
372,272,0.18798571369055705
372,371,0.2023702554895534
372,373,0.1667487283809386
372,472,0.18080641384666088
373,273,0.1534114739823419
373,372,0.1667487283809386
373,374,0.13320722243346875
373,473,0.14599069326241176
374,274,0.12133678611672885
374,373,0.13320722243346875
374,375,0.10262580572745293
374,474,0.11374284625527811
375,275,0.09261849413423517
375,374,0.10262580572745293
375,376,0.07581589673751461
375,475,0.08490633310056206
376,276,0.06803157817334984
376,375,0.07581589673751461
376,377,0.05349183844166513
376,476,0.06023944086930401
377,277,0.04824175292758602
377,376,0.05349183844166513
377,378,0.03624609973805966
377,477,0.04038913265176525
378,278,0.03378218462282655
378,377,0.03624609973805966
378,379,0.024529124326865468
378,478,0.025869118324254488
379,279,0.025035290507433507
379,378,0.024529124326865468
379,380,0.01863464698307466
379,479,0.017043035782528786
380,280,0.022220364262631805
380,379,0.01863464698307466
380,381,0.018691058955014668
380,480,0.01411341029254346
381,281,0.02538751552860246
381,380,0.018691058955014668
381,382,0.024659139153632312
381,481,0.01711680760931868
382,282,0.03441813386937641
382,381,0.024659139153632312
382,383,0.03633618831104522
382,482,0.02592532555186967
383,283,0.04903180011014819
383,382,0.03633618831104522
383,384,0.053366322612267286
383,483,0.040254291552267646
384,284,0.06879928474260025
384,383,0.053366322612267286
384,385,0.07525641477977271
384,484,0.05967576343722407
385,285,0.09316100751701803
385,384,0.07525641477977271
385,386,0.10139692699634781
385,485,0.08363718017553859
386,286,0.12145009709658662
386,385,0.10139692699634781
386,387,0.1310866729643103
386,486,0.11148429042260313
387,287,0.1529189959317302
387,386,0.1310866729643103
387,388,0.16356038560661834
387,487,0.14248730976524737
388,288,0.18676841246673576
388,387,0.16356038560661834
388,389,0.19801785991946014
388,488,0.17586913090661466
389,289,0.22217733705022044
389,388,0.19801785991946014
389,390,0.23365339212016062
389,489,0.21083434043766716
390,290,0.2583328132682311
390,389,0.23365339212016062
390,391,0.2696842484179086
390,490,0.2465977843456716
391,291,0.29445819359453307
391,390,0.2696842484179086
391,392,0.30537696837568873
391,491,0.28241147210239104
392,292,0.32983870491940526
392,391,0.30537696837568873
392,393,0.3400704348843945
392,492,0.31758871320875004
393,293,0.36384330038375007
393,392,0.3400704348843945
393,394,0.37319481844604835
393,493,0.3515245348101985
394,294,0.3959419710381739
394,393,0.37319481844604835
394,395,0.40428571858349277
394,494,0.3837116263000824
395,295,0.42571792393105834
395,394,0.40428571858349277
395,396,0.4329930686655633
395,495,0.41375128648021753
396,296,0.4528742903369425
396,395,0.4329930686655633
396,397,0.4590846298271244
396,496,0.44135909908220383
397,297,0.47723529588638125
397,396,0.4590846298271244
397,398,0.48244416184465744
397,497,0.46636532056218916
398,298,0.49874208983649093
