u,v,cost
0,1,0.6954150274762512
0,100,0.6959896868394977
1,0,0.6954150274762512
1,2,0.6984014874516177
1,101,0.6988782290552906
2,1,0.6984014874516177
2,3,0.7017611482765238
2,102,0.7021422726372164
3,2,0.7017611482765238
3,4,0.7054734173245316
3,103,0.7057643885702856
4,3,0.7054734173245316
4,5,0.7095084630497324
4,104,0.7097177085179986
5,4,0.7095084630497324
5,6,0.7138279082058483
5,105,0.7139666062554683
6,5,0.7138279082058483
6,7,0.7183855884174277
6,106,0.7184674501977864
7,6,0.7183855884174277
7,8,0.723128360140183
7,107,0.72316941024912
8,7,0.723128360140183
8,9,0.7279969429431399
8,108,0.7280153029772616
9,8,0.7279969429431399
9,10,0.7329267822396608
9,109,0.7329424602309911
10,9,0.7329267822396608
10,11,0.7378489200336826
10,110,0.7378836077114104
11,10,0.7378489200336826
11,12,0.7426908628731572
11,111,0.7427677416257447
12,11,0.7426908628731572
12,13,0.7473774379532455
12,112,0.7475209933311975
13,12,0.7473774379532455
13,14,0.7518316301246498
13,113,0.7520674737534334
14,13,0.7518316301246498
14,15,0.7559753943753786
14,114,0.756330091274652
15,14,0.7559753943753786
15,16,0.7597304401073024
15,115,0.7602313386669981
16,15,0.7597304401073024
16,17,0.7630189851659122
16,116,0.763694046437986
17,16,0.7630189851659122
17,18,0.7657644790518605
17,117,0.7666421016001992
18,17,0.7657644790518605
18,19,0.7678922960019346
18,118,0.7690011323281172
19,18,0.7678922960019346
19,20,0.7693303996386132
19,119,0.7706991601783443
20,19,0.7693303996386132
20,21,0.7700099816235102
20,120,0.771667222491851
21,20,0.7700099816235102
21,22,0.7698660771924515
21,121,0.7718399682434298
22,21,0.7698660771924515
22,23,0.7688381605900996
22,122,0.7711562309396607
23,22,0.7688381605900996
23,24,0.7668707232613453
23,123,0.7695595821875594
24,23,0.7668707232613453
24,25,0.763913837206478
24,124,0.766998869267318
25,24,0.763913837206478
25,26,0.7599237051882453
25,125,0.7634287394598138
26,25,0.7599237051882453
26,27,0.7548631985210803
26,126,0.7588101530277978
27,26,0.7548631985210803
27,28,0.7487023820138389
27,127,0.7531108856630171
28,27,0.7487023820138389
28,29,0.7414190243220715
28,128,0.7463060199315343
29,28,0.7414190243220715
29,30,0.7329990905446979
29,129,0.7383784238247558
30,29,0.7329990905446979
30,31,0.7234372124277013
30,130,0.7293192130077706
31,30,0.7234372124277013
31,32,0.7127371300716352
31,131,0.7191281918071772
32,31,0.7127371300716352
32,33,0.7009120976389629
32,132,0.7078142664572488
33,32,0.7009120976389629
33,34,0.687985244279625
33,133,0.6953958226863324
34,33,0.687985244279625
34,35,0.6739898803946038
34,134,0.6819010584338266
35,34,0.6739898803946038
35,36,0.658969738489668
35,135,0.6673682613980736
36,35,0.658969738489668
36,37,0.6429791372815478
36,136,0.6518460202786395
37,36,0.6429791372815478
37,38,0.6260830574464136
37,137,0.6353933580384247
38,37,0.6260830574464136
38,39,0.6083571174775089
38,138,0.6180797753099565
39,38,0.6083571174775089
39,40,0.5898874385678174
39,139,0.5999851922356924
40,39,0.5898874385678174
40,41,0.5707703882675844
40,140,0.5811997775841544
41,40,0.5707703882675844
41,42,0.5511121938875773
41,141,0.5618236549318221
42,41,0.5511121938875773
42,43,0.5310284182186497
42,142,0.541966477043619
43,42,0.5310284182186497
43,44,0.5106432920970025
43,143,0.5217468613102052
44,43,0.5106432920970025
44,45,0.4900889006324178
44,144,0.5012916811846684
45,44,0.4900889006324178
45,46,0.4695042224934256
45,145,0.4807352109704379
46,45,0.4695042224934256
46,47,0.4490340244592258
46,146,0.4602181240021283
47,46,0.4490340244592258
47,48,0.42882761644522427
47,147,0.4398863471780234
48,47,0.42882761644522427
48,49,0.4090374753221889
48,148,0.41988977788554344
49,48,0.4090374753221889
49,50,0.3898177490075255
49,149,0.40038087254092936
50,49,0.3898177490075255
50,51,0.3713226554362845
50,150,0.3815131191680611
51,50,0.3713226554362845
51,52,0.3537047940421753
51,151,0.36343940959178916
52,51,0.3537047940421753
52,53,0.3371133902176462
52,152,0.3463103298396709
53,52,0.3371133902176462
53,54,0.32169249580099085
53,153,0.33027239015412657
54,53,0.32169249580099085
54,55,0.307579170884816
54,154,0.31546621853841195
55,54,0.307579170884816
55,56,0.29490167408666057
55,155,0.3020247439221181
56,55,0.29490167408666057
56,57,0.28377768980861673
56,156,0.2900713967688533
57,56,0.28377768980861673
57,58,0.2743126218866364
57,157,0.2797183562015033
58,57,0.2743126218866364
58,59,0.2665979833500543
58,158,0.2710648734396328
59,58,0.2665979833500543
59,60,0.2607099117472385
59,159,0.264195701490283
60,59,0.2607099117472385
60,61,0.25670783862606983
60,160,0.25917966058075215
61,60,0.25670783862606983
61,62,0.25463334028308865
61,161,0.2560683677556785
62,61,0.25463334028308865
62,63,0.25450919482106854
62,162,0.2548951573801877
63,62,0.25450919482106854
63,64,0.2563386679035782
63,163,0.2556742170090309
64,63,0.2563386679035782
64,65,0.26010504640237236
64,164,0.2583999602253889
65,64,0.26010504640237236
65,66,0.265771435447808
65,165,0.2630466546627809
66,65,0.265771435447808
66,67,0.273280830274693
66,166,0.26956831955260896
67,66,0.273280830274693
67,68,0.2825564697779759
67,167,0.27789890285368635
68,67,0.2825564697779759
68,69,0.29350247393620865
68,168,0.28795274339484933
69,68,0.29350247393620865
69,70,0.3060047623155657
69,169,0.29962531858311
70,69,0.3060047623155657
70,71,0.3199322458296092
70,170,0.31279427319088327
71,70,0.3199322458296092
71,72,0.3351382789005529
71,171,0.3273207196358921
72,71,0.3351382789005529
72,73,0.3514623542491924
72,172,0.3430507951089759
73,72,0.3514623542491924
73,74,0.3687320178358402
73,173,0.35981745599255377
74,73,0.3687320178358402
74,75,0.3867649770840569
74,174,0.37744248534953084
75,74,0.3867649770840569
75,76,0.4053713715388173
75,175,0.39573868494935815
76,75,0.4053713715388173
76,77,0.4243561716305254
76,176,0.4145122194302153
77,76,0.4243561716305254
77,78,0.443521668316727
77,177,0.4335650768616429
78,77,0.443521668316727
78,79,0.46267001412472253
78,178,0.4526976072488391
79,78,0.46267001412472253
79,80,0.481605774578448
79,179,0.471711098475453
80,79,0.481605774578448
80,81,0.5001384482061739
80,180,0.49041034787013404
81,80,0.5001384482061739
81,82,0.5180849133210581
81,181,0.5086061870433078
82,81,0.5180849133210581
82,83,0.5352717605579183
82,182,0.5261179178990971
83,82,0.5352717605579183
83,84,0.5515374717340026
83,183,0.542775618791359
84,83,0.5515374717340026
84,85,0.5667344079598078
84,184,0.5584222816542485
85,84,0.5667344079598078
85,86,0.5807305730226071
85,185,0.5729157435717367
86,85,0.5807305730226071
86,87,0.5934111218490101
86,186,0.5861303796158882
87,86,0.5934111218490101
87,88,0.604679588257416
87,187,0.5979585278236743
88,87,0.604679588257416
88,89,0.614458811156757
88,188,0.6083116218250428
89,88,0.614458811156757
89,90,0.6226915437424712
89,189,0.6171210117961153
90,89,0.6226915437424712
90,91,0.629340735981746
90,190,0.624338459994032
91,90,0.629340735981746
91,92,0.6343894866570556
91,191,0.629936303027777
92,91,0.6343894866570556
92,93,0.6378406673330066
92,192,0.6339072791180991
93,92,0.6378406673330066
93,94,0.6397162267060252
93,193,0.6362640247799498
94,93,0.6397162267060252
94,95,0.6400561897676974
94,194,0.6370382515002182
95,94,0.6400561897676974
95,96,0.6389173719402274
95,195,0.6362796189591584
96,95,0.6389173719402274
96,97,0.6363718337099922
96,196,0.6340543270351522
97,96,0.6363718337099922
97,98,0.6325051061823654
97,197,0.6304434541233968
98,97,0.6325051061823654
98,99,0.6274142223064294
98,198,0.6255410740811184
99,98,0.6274142223064294
99,199,0.619452188285762
100,0,0.6959896868394977
100,101,0.6994528884185371
100,200,0.6997971347921752
101,1,0.6988782290552906
101,100,0.6994528884185371
101,102,0.7026190142408895
101,201,0.7028843855405683
102,2,0.7021422726372164
102,101,0.7026190142408895
102,103,0.7061455129309782
102,202,0.7063354696720083
103,3,0.7057643885702856
103,102,0.7061455129309782
103,104,0.7100086797637527
103,203,0.7101296818924057
104,4,0.7097177085179986
104,103,0.7100086797637527
104,105,0.7141758517237345
104,204,0.7142371499874997
105,5,0.7139666062554683
105,104,0.7141758517237345
105,106,0.7186061482474063
105,205,0.7186195644356982
106,6,0.7184674501977864
106,105,0.7186061482474063
106,107,0.7232512720294787
106,206,0.7232309740382337
107,7,0.72316941024912
107,106,0.7232512720294787
107,108,0.7280563530861985
107,207,0.7280186299538811
108,8,0.7280153029772616
108,107,0.7280563530861985
108,109,0.7329608202651128
108,208,0.7329238613989023
109,9,0.7329424602309911
109,108,0.7329608202651128
109,110,0.7378992857027407
109,209,0.7378829674964877
110,10,0.7378836077114104
110,109,0.7378992857027407
110,111,0.7428024293034724
110,210,0.7428281112798317
111,11,0.7427677416257447
111,110,0.7428024293034724
111,112,0.7475978720837848
111,211,0.7476882036089555
112,12,0.7475209933311975
112,111,0.7475978720837848
112,113,0.7522110291313853
112,212,0.7523897666894872
113,13,0.7520674737534334
113,112,0.7522110291313853
113,114,0.7565659349034356
113,213,0.7568577689147852
114,14,0.756330091274652
114,113,0.7565659349034356
114,115,0.7605860355662715
114,214,0.7610164248237878
115,15,0.7602313386669981
115,114,0.7605860355662715
115,116,0.7641949449976817
115,215,0.7647899560093798
116,16,0.763694046437986
116,115,0.7641949449976817
116,117,0.7673171628722731
116,216,0.7681033107624378
117,17,0.7666421016001992
117,116,0.7673171628722731
117,118,0.7698787548764559
117,217,0.7708828420361904
118,18,0.7690011323281172
118,117,0.7698787548764559
118,119,0.7718079965045268
118,218,0.7730569449111896
119,19,0.7706991601783443
119,118,0.7718079965045268
119,120,0.7730359830315822
119,219,0.7745566560876933
120,20,0.771667222491851
120,119,0.7730359830315822
120,121,0.7734972091117707
120,220,0.7753162189927274
121,21,0.7718399682434298
121,120,0.7734972091117707
121,122,0.773130121990639
121,221,0.7752736188361555
122,22,0.7711562309396607
122,121,0.773130121990639
122,123,0.7718776525371205
122,222,0.7743710923665463
123,23,0.7695595821875594
123,122,0.7718776525371205
123,124,0.769687728193532
123,223,0.7725556171568193
124,24,0.766998869267318
124,123,0.769687728193532
124,125,0.7665137715206538
124,224,0.7697793849955114
125,25,0.7634287394598138
125,124,0.7665137715206538
125,126,0.7623151872993663
125,225,0.7660002633865719
126,26,0.7588101530277978
126,125,0.7623151872993663
126,127,0.7570578401697345
126,226,0.7611822482932397
127,27,0.7531108856630171
127,126,0.7570578401697345
127,128,0.7507145235807127
127,227,0.7552959101337713
128,28,0.7463060199315343
128,127,0.7507145235807127
128,129,0.7432654194342188
128,228,0.7483188336905964
129,29,0.7383784238247558
129,128,0.7432654194342188
129,130,0.7346985462878286
129,229,0.7402360510794619
130,30,0.7293192130077706
130,129,0.7346985462878286
130,131,0.7250101923872464
130,230,0.7310404652963378
131,31,0.7191281918071772
131,130,0.7250101923872464
131,132,0.7142053281927908
131,231,0.7207332601770065
132,32,0.7078142664572488
132,131,0.7142053281927908
132,133,0.7022979915046182
132,232,0.7093242909294107
133,33,0.6953958226863324
133,132,0.7022979915046182
133,134,0.689311636840534
133,233,0.6968324477951859
134,34,0.6819010584338266
134,133,0.689311636840534
134,135,0.6752794394372964
134,234,0.6832859839266563
135,35,0.6673682613980736
135,134,0.6752794394372964
135,136,0.660244543187045
135,235,0.6687227972886451
136,36,0.6518460202786395
136,135,0.660244543187045
136,137,0.6442602410355164
136,236,0.6531906553661928
137,37,0.6353933580384247
137,136,0.6442602410355164
137,138,0.6273900759019675
137,237,0.6367473507293109
138,38,0.6180797753099565
138,137,0.6273900759019675
138,139,0.60970785006814
138,238,0.6194607751164348
139,39,0.5999851922356924
139,138,0.60970785006814
139,140,0.5912975312520293
139,239,0.6014088996829072
140,40,0.5811997775841544
140,139,0.5912975312520293
140,141,0.5722530442483922
140,240,0.5826796494435658
141,41,0.5618236549318221
141,140,0.5722530442483922
141,142,0.5526779380878639
141,241,0.5633706607326247
142,42,0.541966477043619
142,141,0.5526779380878639
142,143,0.5326849201351747
142,242,0.5435889117118111
143,43,0.5217468613102052
143,142,0.5326849201351747
143,144,0.512395250397871
143,243,0.5234502175698643
144,44,0.5012916811846684
144,143,0.512395250397871
144,145,0.49193799152268847
144,244,0.5030785840523921
145,45,0.4807352109704379
145,144,0.49193799152268847
145,146,0.47144911247914056
145,245,0.4826054153087415
146,46,0.4602181240021283
146,145,0.47144911247914056
146,147,0.4510704467209259
146,246,0.4621685746995467
147,47,0.4398863471780234
147,146,0.4510704467209259
147,148,0.43094850861834255
147,247,0.4419113001225178
148,48,0.41988977788554344
148,147,0.43094850861834255
148,149,0.4112331751042839
148,248,0.4219809785238997
149,49,0.40038087254092936
149,148,0.4112331751042839
149,150,0.3920762427014649
149,249,0.40252778750032814
150,50,0.3815131191680611
150,149,0.3920762427014649
150,151,0.37362987332356573
150,250,0.38370321518631195
151,51,0.36343940959178916
151,150,0.37362987332356573
151,152,0.3560449453892848
151,251,0.3656584728878546
152,52,0.3463103298396709
152,151,0.3560449453892848
152,153,0.3394693297761513
152,252,0.3485428180820176
153,53,0.33027239015412657
153,152,0.3394693297761513
153,154,0.3240461128915477
153,253,0.33250180837446763
154,54,0.31546621853841195
154,153,0.3240461128915477
154,155,0.309911791575714
154,254,0.3176755097127124
155,55,0.3020247439221181
155,154,0.309911791575714
155,156,0.2971944666043108
155,255,0.30419668451585213
156,56,0.2900713967688533
156,155,0.2971944666043108
156,157,0.2860120631617398
156,256,0.29218898733187315
157,57,0.2797183562015033
157,156,0.2860120631617398
157,158,0.2764706077544997
157,257,0.28176519710757064
158,58,0.2710648734396328
158,157,0.2764706077544997
158,159,0.2686625915798615
158,258,0.2730255161001086
159,59,0.264195701490283
159,158,0.2686625915798615
159,160,0.2626654503237966
159,259,0.2660559658292574
160,60,0.25917966058075215
160,159,0.2626654503237966
160,161,0.25854018971036086
160,260,0.26092691023386505
161,61,0.2560683677556785
161,160,0.25854018971036086
161,162,0.25633018485277753
161,261,0.25769173533596673
162,62,0.2548951573801877
162,161,0.25633018485277753
162,163,0.2560601795681501
162,262,0.25638571322589615
163,63,0.2556742170090309
163,162,0.2560601795681501
163,164,0.25773550933084166
163,263,0.25702507607037056
164,64,0.2583999602253889
164,163,0.25773550933084166
164,165,0.2613415684857975
164,264,0.2596063231356954
165,65,0.2630466546627809
165,164,0.2613415684857975
165,166,0.2668435387675819
165,265,0.2641057805467252
166,66,0.26956831955260896
166,165,0.2668435387675819
166,167,0.27418639213160234
166,266,0.2704794297193309
167,67,0.27789890285368635
167,166,0.27418639213160234
167,168,0.2832951764705599
167,267,0.2786630161727923
168,68,0.28795274339484933
168,167,0.2832951764705599
168,169,0.2940755880417507
168,268,0.28857244582313557
169,69,0.29962531858311
169,168,0.2940755880417507
169,170,0.3064148294584275
169,269,0.3001044709635262
170,70,0.31279427319088327
170,169,0.3064148294584275
170,171,0.3201827469971662
170,270,0.31313766304627144
171,71,0.3273207196358921
171,170,0.3201827469971662
171,172,0.3352332358443151
171,271,0.3275336641923272
172,72,0.3430507951089759
172,171,0.3352332358443151
172,173,0.35140589685233725
172,272,0.34313870417230663
173,73,0.35981745599255377
173,172,0.35140589685233725
173,174,0.36852792350624436
173,273,0.3597853645340826
174,74,0.37744248534953084
174,173,0.36852792350624436
174,175,0.3864161932148321
174,274,0.3772945667024151
175,75,0.39573868494935815
175,174,0.3864161932148321
175,176,0.4048795328407562
175,275,0.3954777563494423
176,76,0.4145122194302153
176,175,0.4048795328407562
176,177,0.4237211246613329
176,276,0.4141392522306202
177,77,0.4335650768616429
177,176,0.4237211246613329
177,178,0.442741015793755
177,277,0.4330787240912293
178,78,0.4526976072488391
178,177,0.442741015793755
178,179,0.4617386915995696
178,278,0.45209376125720513
179,79,0.471711098475453
179,178,0.4617386915995696
179,180,0.48051567176713905
179,279,0.4709824912033903
180,80,0.49041034787013404
180,179,0.48051567176713905
180,181,0.49887808670726796
180,280,0.48954620580207375
181,81,0.5086061870433078
181,180,0.49887808670726796
181,182,0.5166391916213469
181,281,0.5075919521406045
182,82,0.5261179178990971
182,181,0.5166391916213469
182,183,0.5336217761325379
182,282,0.5249350447892449
183,83,0.542775618791359
183,182,0.5336217761325379
183,184,0.5496604287116049
183,283,0.5414014572133075
184,84,0.5584222816542485
184,183,0.5496604287116049
184,185,0.5646036172661772
184,284,0.556830051654396
185,85,0.5729157435717367
185,184,0.5646036172661772
185,186,0.5783155501650177
185,285,0.5710746092345378
186,86,0.5861303796158882
186,185,0.5783155501650177
186,187,0.5906777855905523
186,286,0.5840056252278011
187,87,0.5979585278236743
187,186,0.5906777855905523
187,188,0.6015905613913011
187,287,0.5955118383440174
188,88,0.6083116218250428
188,187,0.6015905613913011
188,189,0.610973822464401
188,288,0.6055014674105392
189,89,0.6171210117961153
189,188,0.610973822464401
189,190,0.6187679280476763
189,289,0.6139031339385796
190,90,0.624338459994032
190,189,0.6187679280476763
190,191,0.6249340270400631
190,290,0.6206664546260584
191,91,0.629936303027777
191,190,0.6249340270400631
191,192,0.6294540954888205
191,291,0.625762293773886
192,92,0.6339072791180991
192,191,0.6294540954888205
192,193,0.6323306365650424
192,292,0.6291826717634599
193,93,0.6362640247799498
193,192,0.6323306365650424
193,194,0.6335860495741428
193,293,0.6309403320397979
194,94,0.6370382515002182
194,193,0.6335860495741428
194,195,0.6332616806916791
194,294,0.6310679753433217
195,95,0.6362796189591584
195,194,0.6332616806916791
195,196,0.6314165740540831
195,295,0.6296171761086846
196,96,0.6340543270351522
196,195,0.6314165740540831
196,197,0.6281259474485568
196,296,0.6266570018773718
197,97,0.6304434541233968
197,196,0.6281259474485568
197,198,0.6234794220221498
197,297,0.6222723621322335
198,98,0.6255410740811184
198,197,0.6234794220221498
198,199,0.6175790400604511
198,298,0.616562118043165
199,99,0.619452188285762
199,198,0.6175790400604511
199,299,0.6096369891093558
200,100,0.6997971347921752
200,201,0.7032286319142063
200,300,0.7033053909274063
201,101,0.7028843855405683
201,200,0.7032286319142063
201,202,0.7066008409716873
201,301,0.7066142352521185
202,102,0.7063354696720083
202,201,0.7066008409716873
202,203,0.7103196386334358
202,302,0.7102745235691772
203,103,0.7101296818924057
203,202,0.7103196386334358
203,204,0.7143581521161526
203,303,0.7142622535569525
204,104,0.7142371499874997
204,203,0.7143581521161526
204,205,0.7186808626994633
204,304,0.7185445573453484
205,105,0.7186195644356982
205,204,0.7186808626994633
205,206,0.7232443902265255
205,305,0.7230804752137209
206,106,0.7232309740382337
206,205,0.7232443902265255
206,207,0.7279983319626361
206,306,0.7278217898490172
207,107,0.7280186299538811
207,206,0.7279983319626361
207,208,0.7328861382665848
207,307,0.7327139028220004
208,108,0.7329238613989023
208,207,0.7328861382665848
208,209,0.7378460086302774
208,308,0.7376967359103349
209,109,0.7378829674964877
209,208,0.7378460086302774
209,210,0.7428117930735787
209,309,0.7427056412329873
210,110,0.7428281112798317
210,209,0.7428117930735787
210,211,0.7477138855853148
210,310,0.7476723058051324
211,111,0.7476882036089555
211,210,0.7477138855853148
211,212,0.7524800982146578
211,311,0.7525256380141381
212,112,0.7523897666894872
212,211,0.7524800982146578
212,213,0.7570365064728871
212,312,0.7571926255888257
213,113,0.7568577689147852
213,212,0.7570365064728871
213,214,0.7613082588351374
213,313,0.7615991568162677
214,114,0.7610164248237878
214,213,0.7613082588351374
214,215,0.7652203452668961
214,314,0.7656707989828192
215,115,0.7647899560093798
215,214,0.7652203452668961
215,216,0.7686983217741359
215,315,0.7693335302093665
216,116,0.7681033107624378
216,215,0.7686983217741359
216,217,0.771668989926355
216,316,0.7725144229484541
217,117,0.7708828420361904
217,216,0.771668989926355
217,218,0.7740610320709242
217,317,0.7751422793510538
218,118,0.7730569449111896
218,217,0.7740610320709242
218,219,0.7758056044943561
218,318,0.7771482204373291
219,119,0.7745566560876933
219,218,0.7758056044943561
219,220,0.7768368920488385
219,319,0.7784662324706269
220,120,0.7753162189927274
220,219,0.7768368920488385
220,221,0.7770926287171125
220,320,0.7790336750974718
221,121,0.7752736188361555
221,220,0.7770926287171125
221,222,0.7765145892120631
221,321,0.7787917566488272
222,122,0.7743710923665463
222,221,0.7765145892120631
222,223,0.7750490569862453
222,322,0.7776859824799467
223,123,0.7725556171568193
223,222,0.7750490569862453
223,224,0.7726472739587986
223,323,0.775666582349404
224,124,0.7697793849955114
224,223,0.7726472739587986
224,225,0.7692658768614294
224,324,0.7726889226049632
225,125,0.7660002633865719
225,224,0.7692658768614294
225,226,0.7648673243804452
225,325,0.7687139083684487
226,126,0.7611822482932397
226,225,0.7648673243804452
226,227,0.7594203182572765
226,326,0.7637083800178017
227,127,0.7552959101337713
227,226,0.7594203182572765
227,228,0.7529002202436552
227,327,0.7576455070859764
228,128,0.7483188336905964
228,227,0.7529002202436552
228,229,0.7452894653358396
228,328,0.7505051812760756
229,129,0.7402360510794619
229,228,0.7452894653358396
229,230,0.7365779700879712
229,329,0.7422744086806774
230,130,0.7310404652963378
230,229,0.7365779700879712
230,231,0.726763533086098
230,330,0.7329476995474917
231,131,0.7207332601770065
231,230,0.726763533086098
231,232,0.7158522229136264
231,331,0.7225274521149103
232,132,0.7093242909294107
232,231,0.7158522229136264
232,233,0.7038587472199784
232,332,0.7110243252144746
233,133,0.6968324477951859
233,232,0.7038587472199784
233,234,0.6908067948813081
233,333,0.6984575925686675
234,134,0.6832859839266563
234,233,0.6908067948813081
234,235,0.6767293417780049
234,334,0.6848554700674347
235,135,0.6687227972886451
235,234,0.6767293417780049
235,236,0.6616689094677929
235,335,0.6702554058485988
236,136,0.6531906553661928
236,235,0.6616689094677929
236,237,0.6456777650599872
236,336,0.6547043217950336
237,137,0.6367473507293109
237,236,0.6456777650599872
237,238,0.6288180499437781
237,337,0.6382587941485671
238,138,0.6194607751164348
238,237,0.6288180499437781
238,239,0.6111618247312021
238,338,0.6209851603731773
239,139,0.6014088996829072
239,238,0.6111618247312021
239,240,0.5927910178744438
239,339,0.602959539215619
240,140,0.5826796494435658
240,239,0.5927910178744438
240,241,0.5737972659277983
240,340,0.5842677511378127
241,141,0.5633706607326247
241,240,0.5737972659277983
241,242,0.554281634356572
241,341,0.5650051269490246
242,142,0.5435889117118111
242,241,0.554281634356572
242,243,0.5343542091465009
242,342,0.5452761935525485
243,143,0.5234502175698643
243,242,0.5343542091465009
243,244,0.5141335512243853
243,343,0.5251942272349275
244,144,0.5030785840523921
244,243,0.5141335512243853
244,245,0.49374600783844513
244,344,0.5048806668475336
245,145,0.4826054153087415
245,244,0.49374600783844513
245,246,0.47332487752914765
245,345,0.4844643815306361
246,146,0.4621685746995467
246,245,0.47332487752914765
246,247,0.45300942810113853
246,346,0.46408079026788973
247,147,0.4419113001225178
247,246,0.45300942810113853
247,248,0.43294377002807494
247,347,0.4438708334830082
248,148,0.4219809785238997
248,247,0.43294377002807494
248,249,0.4132755909199439
248,348,0.4239798000394811
249,149,0.40252778750032814
249,248,0.4132755909199439
249,250,0.39415475998517513
249,349,0.4045560163097985
250,150,0.38370321518631195
250,249,0.39415475998517513
250,251,0.3757318147506008
250,350,0.38574940736748764
251,151,0.3656584728878546
251,250,0.3757318147506008
251,252,0.3581563455805874
251,351,0.36770994374337185
252,152,0.3485428180820176
252,251,0.3581563455805874
252,253,0.34157529668033393
252,352,0.350585990493893
253,153,0.33250180837446763
253,252,0.34157529668033393
253,254,0.3261312051956324
253,353,0.33452257847028843
254,154,0.3176755097127124
254,253,0.3261312051956324
254,255,0.3119604026528505
254,354,0.31965962057011577
255,155,0.30419668451585213
255,254,0.3119604026528505
255,256,0.29919120524341447
255,355,0.3061300983174337
256,156,0.29218898733187315
256,255,0.29919120524341447
256,257,0.2879421212777039
256,356,0.2940582462803928
257,157,0.28176519710757064
257,256,0.2879421212777039
257,258,0.2783201054531795
257,357,0.2835577635275054
258,158,0.2730255161001086
258,257,0.2783201054531795
258,259,0.27041889034950445
258,358,0.27473008248782105
259,159,0.2660559658292574
259,258,0.27041889034950445
259,260,0.2643174257393258
259,359,0.2676627261672405
260,160,0.26092691023386505
260,259,0.2643174257393258
260,261,0.260078455859471
260,360,0.26242778464680205
261,161,0.25769173533596673
261,260,0.260078455859471
261,262,0.25774726370908535
261,361,0.25908054112528794
262,162,0.25638571322589615
262,261,0.25774726370908535
262,263,0.25735060972811663
262,362,0.2576582764581079
263,163,0.25702507607037056
263,262,0.25735060972811663
263,264,0.2588958898752243
263,363,0.2581792791915578
264,164,0.2596063231356954
264,263,0.2588958898752243
264,265,0.2623705351966232
264,364,0.26064208551524526
265,165,0.2641057805467252
265,264,0.2623705351966232
265,266,0.2677416714984742
265,365,0.265024970389135
266,166,0.2704794297193309
266,265,0.2677416714984742
266,267,0.2749560537605209
266,366,0.27128570739275737
267,167,0.2786630161727923
267,266,0.2749560537605209
267,268,0.283940285525368
267,367,0.2793616106533062
268,168,0.28857244582313557
268,267,0.283940285525368
268,269,0.2946013287449111
268,368,0.28916986760952845
269,169,0.3001044709635262
269,268,0.2946013287449111
269,270,0.30682730455137014
269,369,0.30060816644303495
270,170,0.31313766304627144
270,269,0.30682730455137014
270,271,0.32048858024143245
270,370,0.31355561685084
271,171,0.3275336641923272
271,270,0.32048858024143245
271,272,0.33543913252031876
271,371,0.32787395754261783
272,172,0.34313870417230663
272,271,0.33543913252031876
272,273,0.35151817185405204
272,372,0.3434090385286515
273,173,0.3597853645340826
273,272,0.35151817185405204
273,274,0.36855200773025343
273,373,0.35999256102813865
274,174,0.3772945667024151
274,273,0.36855200773025343
274,275,0.38635612983702533
274,374,0.3774440527814218
275,175,0.3954777563494423
275,274,0.38635612983702533
275,276,0.4047374757393063
275,375,0.3955730518012178
276,176,0.4141392522306202
276,275,0.4047374757393063
276,277,0.4234968516605166
276,376,0.41418146725038774
277,177,0.4330787240912293
277,276,0.4234968516605166
277,278,0.4424314695546794
277,377,0.43306608228424137
278,178,0.45209376125720513
278,277,0.4424314695546794
278,279,0.46133756086102595
278,378,0.4520211604323125
279,179,0.4709824912033903
279,278,0.46133756086102595
279,280,0.480013025238325
279,379,0.47084111449582455
280,180,0.48954620580207375
280,279,0.480013025238325
280,281,0.4982600712354103
280,380,0.48932319506819966
281,181,0.5075919521406045
281,280,0.4982600712354103
281,282,0.5158878053085025
281,381,0.5072701546983763
282,182,0.5249350447892449
282,281,0.5158878053085025
282,283,0.5327147258700146
282,382,0.524492843446464
283,183,0.5414014572133075
283,282,0.5327147258700146
283,284,0.5485710801560985
283,383,0.5408126921481404
284,184,0.556830051654396
284,283,0.5485710801560985
284,285,0.5633010436227566
284,384,0.5560640411109752
285,185,0.5710746092345378
285,284,0.5633010436227566
285,286,0.5767646842973212
285,385,0.5700962741979294
286,186,0.5840056252278011
286,285,0.5767646842973212
286,287,0.5888396779812662
286,386,0.5827757212789574
287,187,0.5955118383440174
287,286,0.5888396779812662
287,288,0.5994227443632556
287,387,0.5939872958023211
288,188,0.6055014674105392
288,287,0.5994227443632556
288,289,0.6084307788847179
288,388,0.6036358386884662
289,189,0.6139031339385796
289,288,0.6084307788847179
289,290,0.6158016605169618
289,389,0.6116471448017518
290,190,0.6206664546260584
290,289,0.6158016605169618
290,291,0.6214947213598814
290,390,0.6179686538164042
291,191,0.625762293773886
291,290,0.6214947213598814
291,292,0.6254908700485254
291,391,0.6225697932586005
292,192,0.6291826717634599
292,291,0.6254908700485254
292,293,0.6277923672382154
292,392,0.6254419677630009
293,193,0.6309403320397979
293,292,0.6277923672382154
293,294,0.6284222578089769
293,393,0.6265981950085546
294,194,0.6310679753433217
294,293,0.6284222578089769
294,295,0.6274234707603272
294,394,0.6260723952694625
295,195,0.6296171761086846
295,294,0.6274234707603272
295,296,0.6248576039319733
295,395,0.6239183479051305
296,196,0.6266570018773718
296,295,0.6248576039319733
296,297,0.6208034165610485
296,396,0.6202083342905556
297,197,0.6222723621322335
297,296,0.6208034165610485
297,298,0.6153550581532485
297,397,0.615031492531847
298,198,0.616562118043165
298,297,0.6153550581532485
298,299,0.6086200670920698
298,398,0.6084919147020738
299,199,0.6096369891093558
299,298,0.6086200670920698
299,399,0.6007065221604226
300,200,0.7033053909274063
300,301,0.7066909942653186
300,400,0.7064667691897616
301,201,0.7066142352521185
301,300,0.7066909942653186
301,302,0.7102879178496084
301,401,0.7100122255035802
302,202,0.7102745235691772
302,301,0.7102879178496084
302,303,0.7142171384926939
302,402,0.7138964055453487
303,203,0.7142622535569525
303,302,0.7142171384926939
303,304,0.7184486587861483
303,403,0.7180920891284732
304,204,0.7185445573453484
304,303,0.7184486587861483
304,305,0.722944169859606
304,404,0.7225635118456879
305,205,0.7230804752137209
305,304,0.722944169859606
305,306,0.7276578748362126
305,405,0.7272671777185442
306,206,0.7278217898490172
306,305,0.7276578748362126
306,307,0.7325373607083816
306,406,0.7321527267504021
307,207,0.7327139028220004
307,306,0.7325373607083816
307,308,0.7375245004657507
307,407,0.7371638384303836
308,208,0.7376967359103349
308,307,0.7375245004657507
308,309,0.7425563685130449
308,408,0.7422391533040569
309,209,0.7427056412329873
309,308,0.7425563685130449
309,310,0.7475661539645408
309,409,0.7473131961720274
310,210,0.7476723058051324
310,309,0.7475661539645408
310,311,0.7524840582339556
310,410,0.752317286242582
311,211,0.7525256380141381
311,310,0.7524840582339556
311,312,0.757238165388306
311,411,0.7571804215846336
312,212,0.7571926255888257
312,311,0.757238165388306
312,313,0.7617552759322064
312,412,0.7618301274336237
313,213,0.7615991568162677
313,312,0.7617552759322064
313,314,0.7659616969639496
313,413,0.7661932602235568
314,214,0.7656707989828192
314,313,0.7659616969639496
314,315,0.7697839839252896
314,414,0.7701967615800958
315,215,0.7693335302093665
315,314,0.7697839839252896
315,316,0.7731496313836848
315,415,0.7737683588404601
316,216,0.7725144229484541
316,315,0.7731496313836848
316,317,0.7759877123731529
316,416,0.7768372108963961
317,217,0.7751422793510538
317,316,0.7759877123731529
317,318,0.7782294677174587
317,417,0.7793345002219724
318,218,0.7771482204373291
318,317,0.7782294677174587
318,319,0.7798088484135999
318,418,0.7811939737897784
319,219,0.7784662324706269
319,318,0.7798088484135999
319,320,0.78066301551926
319,419,0.7823524371464461
320,220,0.7790336750974718
320,319,0.78066301551926
320,321,0.7807328030291865
320,420,0.7827502071692827
321,221,0.7787917566488272
321,320,0.7807328030291865
321,322,0.7799631499167108
321,421,0.7823315299283542
322,222,0.7776859824799467
322,321,0.7799631499167108
322,323,0.7783035078431053
322,422,0.7810449706113877
323,223,0.775666582349404
323,322,0.7783035078431053
323,324,0.7757082309955685
323,423,0.7788437826225434
324,224,0.7726889226049632
324,323,0.7757082309955685
324,325,0.7721369541119825
324,424,0.7756862627419443
325,225,0.7687139083684487
325,324,0.7721369541119825
325,326,0.7675549640058051
325,425,0.7715360986438431
326,226,0.7637083800178017
326,325,0.7675549640058051
326,327,0.7619335688465019
326,426,0.7663627141413616
327,227,0.7576455070859764
327,326,0.7619335688465019
327,328,0.7552504681183969
327,427,0.7601416162889867
328,228,0.7505051812760756
328,327,0.7552504681183969
328,329,0.7474901246209134
328,428,0.752854746974117
329,229,0.7422744086806774
329,328,0.7474901246209134
329,330,0.738644138140198
329,429,0.7444908399175818
330,230,0.7329476995474917
330,329,0.738644138140198
330,331,0.7287116185763041
330,430,0.7350457821387439
331,231,0.7225274521149103
331,330,0.7287116185763041
331,332,0.7176995544157585
331,431,0.7245229769872547
332,232,0.7110243252144746
332,331,0.7176995544157585
332,333,0.7056231705631637
332,432,0.7129337038679738
333,233,0.6984575925686675
333,332,0.7056231705631637
333,334,0.6925062677547941
333,433,0.7002974678568097
334,234,0.6848554700674347
334,333,0.6925062677547941
334,335,0.6783815341380286
334,434,0.6866423305920506
335,235,0.6702554058485988
335,334,0.6783815341380286
335,336,0.6632908181758395
335,435,0.6720052121946675
336,236,0.6547043217950336
336,335,0.6632908181758395
336,337,0.6472853508836136
336,436,0.6564321525848111
337,237,0.6382587941485671
337,336,0.6472853508836136
337,338,0.6304259045779664
337,437,0.6399785194774243
338,238,0.6209851603731773
338,337,0.6304259045779664
338,339,0.6127828748575943
338,438,0.6227091496072115
339,239,0.602959539215619
339,338,0.6127828748575943
339,340,0.5944362724789879
339,439,0.6046984093933743
340,240,0.5842677511378127
340,339,0.5944362724789879
340,341,0.575475612159039
340,440,0.5860301613385259
341,241,0.5650051269490246
341,340,0.575475612159039
341,342,0.5559996861450012
341,441,0.5667976229842924
342,242,0.5452761935525485
342,341,0.5559996861450012
342,343,0.5361162116409751
342,442,0.5471031062266741
343,243,0.5251942272349275
343,342,0.5361162116409751
343,344,0.5159413428580757
343,443,0.5270576262236334
344,244,0.5048806668475336
344,343,0.5159413428580757
344,345,0.49559904053972453
344,444,0.5067803709895511
345,245,0.4844643815306361
345,344,0.49559904053972453
345,346,0.4752202942693782
345,445,0.4863980250380315
346,246,0.46408079026788973
346,345,0.4752202942693782
346,347,0.45494219564975946
346,446,0.4660439430661468
347,247,0.4438708334830082
347,346,0.45494219564975946
347,348,0.4349068634944143
347,447,0.4458571726188588
348,248,0.4239798000394811
348,347,0.4349068634944143
348,349,0.4152602254293356
348,448,0.4259813278712903
349,249,0.4045560163097985
349,348,0.4152602254293356
349,350,0.39615066369211094
349,449,0.40656332004951856
350,250,0.38574940736748764
350,349,0.39615066369211094
350,351,0.3777275363602586
350,450,0.3877519535012076
351,251,0.36770994374337185
351,350,0.3777275363602586
351,352,0.3601395886566774
351,451,0.36969639994402287
352,252,0.350585990493893
352,351,0.3601395886566774
352,353,0.34353327228384745
352,452,0.35254456687718366
353,253,0.33452257847028843
353,352,0.34353327228384745
353,354,0.3280509938447718
353,453,0.336441379453098
354,254,0.31965962057011577
354,353,0.3280509938447718
354,355,0.313829316234699
354,454,0.32152699818577446
355,255,0.3061300983174337
355,354,0.313829316234699
355,356,0.3009971393544121
355,455,0.3079349976372887
356,256,0.2940582462803928
356,355,0.3009971393544121
356,357,0.28967388853019427
356,456,0.2957905335944811
357,257,0.2835577635275054
357,356,0.28967388853019427
357,358,0.27996774056214696
357,457,0.28520852815344566
358,258,0.27473008248782105
358,357,0.27996774056214696
358,359,0.27197391830555706
358,458,0.276291903506094
359,259,0.2676627261672405
359,358,0.27197391830555706
359,360,0.26577308507471675
359,459,0.2691298960182168
360,260,0.26242778464680205
360,359,0.26577308507471675
360,361,0.261429869912619
360,460,0.26379648236096975
361,261,0.25908054112528794
361,360,0.261429869912619
361,362,0.2589915538743105
361,461,0.26034894897944294
362,262,0.2576582764581079
362,361,0.2589915538743105
362,363,0.2584869459215491
362,462,0.25882663503885506
363,263,0.2581792791915578
363,362,0.2584869459215491
363,364,0.2599254748315787
363,463,0.25924987718137094
364,264,0.26064208551524526
364,363,0.2599254748315787
364,365,0.263296520707757
364,464,0.26161918197003775
365,265,0.265024970389135
365,364,0.263296520707757
365,366,0.2685690062834181
365,465,0.26591464882109783
366,266,0.27128570739275737
366,365,0.2685690062834181
366,367,0.2756912642855427
366,466,0.27209566257689344
367,267,0.2793616106533062
367,366,0.2756912642855427
367,368,0.2845911927374667
367,467,0.28010087070731887
368,268,0.28916986760952845
368,367,0.2845911927374667
368,369,0.2951767053076523
368,468,0.2898484555199532
369,269,0.30060816644303495
369,368,0.2951767053076523
369,370,0.3073364787425048
369,469,0.301236706790449
370,270,0.31355561685084
370,369,0.3073364787425048
370,371,0.32094099415202537
370,470,0.3141448949885498
371,271,0.32787395754261783
371,370,0.32094099415202537
371,372,0.3358438635509505
371,471,0.32843443987203647
372,272,0.3434090385286515
372,371,0.3358438635509505
372,373,0.3518834277027381
372,472,0.34395036375790333
373,273,0.35999256102813865
373,372,0.3518834277027381
373,374,0.36888460607930706
373,473,0.36052301336779946
374,274,0.3774440527814218
374,373,0.36888460607930706
374,375,0.3866609747456143
374,474,0.37797002889517184
375,275,0.3955730518012178
375,374,0.3866609747456143
375,376,0.40501704331229926
375,475,0.3960985339656681
376,276,0.41418146725038774
376,375,0.40501704331229926
376,377,0.42375069787411246
376,476,0.4147075155676945
377,277,0.43306608228424137
377,376,0.42375069787411246
377,378,0.44265577316187443
377,477,0.4335903589182645
378,278,0.4520211604323125
378,377,0.44265577316187443
378,379,0.46152471406711115
378,478,0.4525374986940321
379,279,0.47084111449582455
379,378,0.46152471406711115
379,380,0.48015128432569915
379,479,0.47133914518192815
380,280,0.48932319506819966
380,379,0.48015128432569915
380,381,0.4983332785311657
380,480,0.48978804175917867
381,281,0.5072701546983763
381,380,0.4983332785311657
381,382,0.5158751928363376
381,481,0.5076822087558821
382,282,0.524492843446464
382,381,0.5158751928363376
382,383,0.5325908097245897
382,482,0.5248276282264421
383,283,0.5408126921481404
383,382,0.5325908097245897
383,384,0.5483056531030172
383,483,0.5410408244843836
384,284,0.5560640411109752
384,383,0.5483056531030172
384,385,0.5628592716861481
384,484,0.5561512964464193
385,285,0.5700962741979294
385,384,0.5628592716861481
385,386,0.5761073111795656
385,485,0.5700037598764935
386,286,0.5827757212789574
386,385,0.5761073111795656
386,387,0.5879233391000123
386,486,0.5824601604916286
387,287,0.5939872958023211
387,386,0.5879233391000123
387,388,0.5982003901275317
387,487,0.5934014225440543
388,288,0.6036358386884662
388,387,0.5982003901275317
388,389,0.6068522046055
388,488,0.6027289018670988
389,289,0.6116471448017518
389,388,0.6068522046055
389,390,0.6138141381011941
389,489,0.6103655173887808
390,290,0.6179686538164042
390,389,0.6138141381011941
390,391,0.6190437257151233
390,490,0.6162565406861052
391,291,0.6225697932586005
391,390,0.6190437257151233
391,392,0.622520890973076
391,491,0.6203700291714143
392,292,0.6254419677630009
392,391,0.622520890973076
392,393,0.6242477955333401
392,492,0.6226968948560978
393,293,0.6265981950085546
393,392,0.6242477955333401
393,394,0.6242483324690402
393,493,0.6232506072049017
394,294,0.6260723952694625
394,393,0.6242483324690402
394,395,0.6225672724142657
394,494,0.6220665352485255
395,295,0.6239183479051305
395,394,0.6225672724142657
395,396,0.6192690782637127
395,495,0.6192009407328694
396,296,0.6202083342905556
396,395,0.6192690782637127
396,397,0.6144364102613541
396,496,0.6147296405194125
397,297,0.615031492531847
397,396,0.6144364102613541
397,398,0.6081683490806722
397,497,0.6087463625844163
398,298,0.6084919147020738
398,397,0.6081683490806722
398,399,0.6005783697704266
398,498,0.6013608256716072
399,299,0.6007065221604226
399,398,0.6005783697704266
399,499,0.5926965778180366
400,300,0.7064667691897616
400,401,0.7097880004280233
400,500,0.709233238733383
401,301,0.7100122255035802
401,400,0.7097880004280233
401,402,0.7136207131993204
401,501,0.7130227959818418
402,302,0.7138964055453487
402,401,0.7136207131993204
402,403,0.717771356181128
