u,v,cost
0,100,0.3809057105140939
0,1,0.39052731895698833
100,0,0.3809057105140939
100,200,0.37168897595967065
100,101,0.38091866047994993
200,100,0.37168897595967065
200,300,0.36360016068815004
200,201,0.3723559931832298
300,200,0.36360016068815004
300,400,0.35675701160006557
300,301,0.36496607016728905
400,300,0.35675701160006557
400,500,0.3512585685396385
400,401,0.3588583205345371
500,400,0.3512585685396385
500,600,0.3471831347134646
500,501,0.3541225526914147
600,500,0.3471831347134646
600,700,0.3445867147453482
600,601,0.35082709951770463
700,600,0.3445867147453482
700,800,0.3435019558431347
700,701,0.349017449077806
800,700,0.3435019558431347
800,900,0.34393761392462296
800,801,0.3487153913388378
900,800,0.34393761392462296
900,1000,0.3458785524459669
900,901,0.34991869742647297
1000,900,0.3458785524459669
1000,1100,0.34928626750085323
1000,1001,0.3526013336915563
1100,1000,0.34928626750085323
1100,1200,0.35409991891456805
1100,1101,0.3567141986852908
1200,1100,0.35409991891456805
1200,1300,0.360237833933564
1200,1201,0.36218635744919997
1300,1200,0.360237833933564
1300,1400,0.3675994380739874
1300,1301,0.3689267347020518
1400,1300,0.3675994380739874
1400,1500,0.37606755707301565
1400,1401,0.376826216905221
1500,1400,0.37606755707301565
1500,1600,0.38551102497206513
1500,1501,0.38576010312783404
1600,1500,0.38551102497206513
1600,1700,0.3957875263862114
1600,1601,0.39559083638350484
1700,1600,0.3957875263862114
1700,1800,0.4067465961562949
1700,1701,0.40617094088650535
1800,1700,0.4067465961562949
1800,1900,0.418232696952698
1800,1801,0.4173460866310579
1900,1800,0.418232696952698
1900,2000,0.4300882950501901
1900,1901,0.4289582009225106
2000,1900,0.4300882950501901
2000,2100,0.4421568564020958
2000,2001,0.44084854700583337
2100,2000,0.4421568564020958
2100,2200,0.4542856892241578
2100,2101,0.452860692700544
2200,2100,0.4542856892241578
2200,2300,0.4663285654058851
2200,2201,0.46484329685198383
2300,2200,0.4663285654058851
2300,2400,0.47814806099414536
2300,2301,0.47665264827552534
2400,2300,0.47814806099414536
2400,2500,0.48961756548324964
2400,2401,0.4881549004757272
2500,2400,0.48961756548324964
2500,2600,0.500622920397596
2500,2501,0.4992279554908629
2600,2500,0.500622920397596
2600,2700,0.5110636593329783
2600,2601,0.5097629614288556
2700,2600,0.5110636593329783
2700,2800,0.5208538338731108
2700,2701,0.5196654002772731
2800,2700,0.5208538338731108
2800,2900,0.5299224222481707
2800,2801,0.5288557550217383
2900,2800,0.5299224222481707
2900,3000,0.5382133298798795
2900,2901,0.537269757619212
3000,2900,0.5382133298798795
3000,3100,0.545685002699994
3000,3001,0.544858231572929
3100,3000,0.545685002699994
3100,3200,0.5523096849933699
3100,3101,0.5515865543857568
3200,3100,0.5523096849933699
3200,3300,0.5580723631906058
3200,3201,0.5574337756939519
3300,3200,0.5580723631906058
3300,3400,0.5629694452456178
3300,3301,0.5623914361033207
3400,3300,0.5629694452456178
3400,3500,0.567007231754454
3400,3401,0.5664621394068149
3500,3400,0.567007231754454
3500,3600,0.5702002396309231
3500,3501,0.569657936748855
3600,3500,0.5702002396309231
3600,3700,0.5725694418380542
3600,3601,0.5719985852651523
3700,3600,0.5725694418380542
3700,3800,0.5741404873291043
3700,3701,0.5735097456753653
3800,3700,0.5741404873291043
3800,3900,0.5749419639870013
3800,3801,0.5742211832095128
3900,3800,0.5749419639870013
3900,4000,0.5750037640373221
3900,3901,0.574165034140047
4000,3900,0.5750037640373221
4000,4100,0.5743556062764172
4000,4001,0.5733741961631065
4100,4000,0.5743556062764172
4100,4200,0.573025762686507
4100,4101,0.5718808950755385
4200,4100,0.573025762686507
4200,4300,0.5710400288351409
4200,4201,0.569715472831938
4300,4200,0.5710400288351409
4300,4400,0.5684209681495953
4300,4301,0.5669054333872724
4400,4300,0.5684209681495953
4400,4500,0.5651874500219713
4400,4401,0.5634747730224143
4500,4400,0.5651874500219713
4500,4600,0.5613544910648037
4500,4501,0.559443611427732
4600,4500,0.5613544910648037
4600,4700,0.5569333980390994
4600,4601,0.5548281290182434
4700,4600,0.5569333980390994
4700,4800,0.5519322003579723
4700,4701,0.5496408051158008
4800,4700,0.5519322003579723
4800,4900,0.5463563499619399
4800,4801,0.5438909411002998
4900,4800,0.5463563499619399
4900,5000,0.540209657080267
4900,4901,0.5375854427316251
5000,4900,0.540209657080267
5000,5100,0.5334954222221718
5000,5001,0.5307298268830805
5100,5000,0.5334954222221718
5100,5200,0.5262177179311658
5100,5101,0.5233294101800265
5200,5100,0.5262177179311658
5200,5300,0.5183827685901208
5200,5201,0.5153906307391025
5300,5200,0.5183827685901208
5300,5400,0.5100003730386932
5300,5301,0.5069224495418473
5400,5300,0.5100003730386932
5400,5500,0.5010853130588111
5400,5401,0.49793777508769055
5500,5400,0.5010853130588111
5500,5600,0.4916586909412559
5500,5501,0.48845485393515725
5600,5500,0.4916586909412559
5600,5700,0.4817491413520645
5600,5601,0.4784985705786877
5700,5600,0.4817491413520645
5700,5800,0.4713938664993501
5700,5701,0.46810160278541435
5800,5700,0.4713938664993501
5800,5900,0.4606394490324104
5800,5801,0.45730538293840245
5900,5800,0.4606394490324104
5900,6000,0.44954240400838774
5900,5901,0.44616082195357804
6000,5900,0.44954240400838774
6000,6100,0.4381694394154147
6000,6001,0.43472875976141856
6100,6000,0.4381694394154147
6100,6200,0.42659740388566475
6100,6101,0.42308011493365416
6200,6100,0.42659740388566475
6200,6300,0.41491291007826725
6200,6201,0.41129571551706146
6300,6200,0.41491291007826725
6300,6400,0.40321163245159974
6300,6301,0.3994658032120968
6400,6300,0.40321163245159974
6400,6500,0.3915972884573086
6400,6401,0.38768921338781864
6500,6400,0.3915972884573086
6500,6600,0.38018032225410836
6500,6501,0.37607224373349823
6600,6500,0.38018032225410836
6600,6700,0.36907631954659237
6600,6601,0.3647272342915978
6700,6600,0.36907631954659237
6700,6800,0.35840419081024766
6700,6701,0.35377089088921265
6800,6700,0.35840419081024766
6800,6900,0.3482841677034513
6800,6801,0.3433223923005559
6900,6800,0.3482841677034513
6900,7000,0.3388356636607589
6900,6901,0.3335013285773074
7000,6900,0.3388356636607589
7000,7100,0.33017505432208494
7000,7001,0.32442552366065847
7100,7000,0.33017505432208494
7100,7200,0.32241343644011583
7100,7101,0.3162087994676876
7200,7100,0.32241343644011583
7200,7300,0.315654425136158
7200,7201,0.3089587410039266
7300,7200,0.315654425136158
7300,7400,0.30999204880964837
7300,7301,0.3027745226257974
7400,7300,0.30999204880964837
7400,7500,0.3055087986708708
7400,7401,0.29774485434814846
7500,7400,0.3055087986708708
7500,7600,0.30227388583626846
7500,7501,0.29394610410578026
7600,7500,0.30227388583626846
7600,7700,0.3003417533288565
7600,7601,0.2914406472296691
7700,7600,0.3003417533288565
7700,7800,0.2997508833376271
7700,7701,0.2902754882349159
7800,7700,0.2997508833376271
7800,7900,0.30052293192618396
7800,7801,0.2904811925302944
7900,7800,0.30052293192618396
7900,8000,0.3026622142935857
7900,7901,0.2920711570800937
8000,7900,0.3026622142935857
8000,8100,0.3061555539578503
8000,8001,0.2950412396413811
8100,8000,0.3061555539578503
8100,8200,0.3109724991512519
8100,8101,0.2993697562513512
8200,8100,0.3109724991512519
8200,8300,0.317065899591891
8200,8201,0.305017846452465
8300,8200,0.317065899591891
8300,8400,0.3243728269330494
8300,8301,0.3119301956256608
8400,8300,0.3243728269330494
8400,8500,0.3328158128856815
8400,8401,0.32003609405798783
8500,8400,0.3328158128856815
8500,8600,0.3423043705364061
8500,8501,0.32925080329144085
8600,8500,0.3423043705364061
8600,8700,0.35273675699261103
8600,8601,0.3394771921531822
8700,8600,0.35273675699261103
8700,8800,0.36400192939214826
8700,8701,0.3506075978921906
8800,8700,0.36400192939214826
8800,8900,0.3759816416908377
8800,8801,0.3625258622447264
8900,8800,0.3759816416908377
8900,9000,0.38855262661365586
8900,8901,0.37510948817852674
9000,8900,0.38855262661365586
9000,9100,0.40158880580228196
9000,9001,0.3882318606331199
9100,9000,0.40158880580228196
9100,9200,0.41496347153791535
9100,9101,0.4017644738397736
9200,9100,0.41496347153791535
9200,9300,0.42855138543687415
9200,9201,0.41557910877555126
9300,9200,0.42855138543687415
9300,9400,0.4422307431291432
9300,9301,0.42954990693552264
9400,9300,0.4422307431291432
9400,9500,0.45588495900996084
9400,9401,0.443555290798475
9500,9400,0.45588495900996084
9500,9600,0.46940423153064337
9500,9501,0.4574796869702593
9600,9500,0.46940423153064337
9600,9700,0.4826868569573457
9600,9601,0.47121501482833883
9700,9600,0.4826868569573457
9700,9800,0.4956402678335904
9700,9701,0.4846619113377727
9800,9700,0.4956402678335904
9800,9900,0.5081817812680627
9800,9801,0.497730671309936
9900,9800,0.5081817812680627
9900,9901,0.5103418914564863
1,0,0.39052731895698833
1,101,0.3905402689228444
1,2,0.40057572400868696
101,100,0.38091866047994993
101,1,0.3905402689228444
101,201,0.38158567770350915
101,102,0.39127911755557954
201,200,0.3723559931832298
201,101,0.38158567770350915
201,301,0.3737219026623688
201,202,0.38298999727613975
301,300,0.36496607016728905
301,201,0.3737219026623688
301,401,0.36706737910176057
301,302,0.3758353279628025
401,400,0.3588583205345371
401,301,0.36706737910176057
401,501,0.3617223046863133
401,402,0.36992527233361405
501,500,0.3541225526914147
501,401,0.3617223046863133
501,601,0.3577665174956547
501,502,0.3653508091399089
601,600,0.35082709951770463
601,501,0.3577665174956547
601,701,0.35525783385016246
601,602,0.36218178350824703
701,700,0.349017449077806
701,601,0.35525783385016246
701,801,0.3542308845735091
701,702,0.36046543625957916
801,800,0.3487153913388378
801,701,0.3542308845735091
801,901,0.3546964748406878
801,802,0.360225445909503
901,900,0.34991869742647297
901,801,0.3546964748406878
901,1001,0.3566414786720623
901,902,0.36146150319349696
1001,1000,0.3526013336915563
1001,901,0.3566414786720623
1001,1101,0.36002926487599385
1001,1002,0.36414942367841685
1101,1100,0.3567141986852908
1101,1001,0.36002926487599385
1101,1201,0.36480063721992273
1101,1102,0.36824178972375116
1201,1200,0.36218635744919997
1201,1101,0.36480063721992273
1201,1301,0.37087525821768774
1201,1202,0.3736690991481625
1301,1300,0.3689267347020518
1301,1201,0.37087525821768774
1301,1401,0.3781535135332854
1301,1302,0.3803413848291957
1401,1400,0.376826216905221
1401,1301,0.3781535135332854
1401,1501,0.3865187629600394
1401,1402,0.3881502574817811
1501,1500,0.38576010312783404
1501,1401,0.3865187629600394
1501,1601,0.3958399145392738
1501,1502,0.3969713133530501
1601,1600,0.39559083638350484
1601,1501,0.3958399145392738
1601,1701,0.4059742508837988
1601,1602,0.4066668398206288
1701,1700,0.40617094088650535
1701,1601,0.4059742508837988
1701,1801,0.41677043136126835
1701,1702,0.41708874511893856
1801,1800,0.4173460866310579
1801,1701,0.41677043136126835
1801,1901,0.4280715906008705
1801,1802,0.42808163381356945
1901,1900,0.4289582009225106
1901,1801,0.4280715906008705
1901,2001,0.4397184528781539
1901,1902,0.4394859473036451
2001,2000,0.44084854700583337
2001,1901,0.4397184528781539
2001,2101,0.4515523833042816
2001,2002,0.45114108859552504
2101,2100,0.452860692700544
2101,2001,0.4515523833042816
2101,2201,0.46341830032837006
2101,2102,0.462888452830077
2201,2200,0.46484329685198383
2201,2101,0.46341830032837006
2201,2301,0.47516737972162404
2201,2202,0.47457428946577096
2301,2300,0.47665264827552534
2301,2201,0.47516737972162404
2301,2401,0.4866594877571071
2301,2302,0.48605232846401447
2401,2400,0.4881549004757272
2401,2301,0.4866594877571071
2401,2501,0.49776529048334045
2401,2402,0.4971861110767593
2501,2500,0.4992279554908629
2501,2401,0.49776529048334045
2501,2601,0.5083679965221225
2501,2502,0.5078509756340491
2601,2600,0.5097629614288556
2601,2501,0.5083679965221225
2601,2701,0.5183647023731505
2601,2602,0.5179356597628617
2701,2700,0.5196654002772731
2701,2601,0.5183647023731505
2701,2801,0.5276673214259007
2701,2702,0.5273434923973797
2801,2800,0.5288557550217383
2801,2701,0.5276673214259007
2801,2901,0.5362030903927797
2801,2802,0.5359931614010971
2901,2900,0.537269757619212
2901,2801,0.5362030903927797
2901,3001,0.5439146593122617
2901,2902,0.543819055237734
3001,3000,0.544858231572929
3001,2901,0.5439146593122617
3001,3101,0.5507597832586919
3001,3002,0.5507711895252261
3101,3100,0.5515865543857568
3101,3001,0.5507597832586919
3101,3201,0.5567106450863388
3101,3102,0.5568147411203661
3201,3200,0.5574337756939519
3201,3101,0.5567106450863388
3201,3301,0.5617528486066667
3201,3202,0.561929223267861
3301,3300,0.5623914361033207
3301,3201,0.5617528486066667
3301,3401,0.5658841302645178
3301,3302,0.5661073449952321
3401,3400,0.5664621394068149
3401,3301,0.5658841302645178
3401,3501,0.5691128444012159
3401,3402,0.569353606073352
3501,3500,0.569657936748855
3501,3401,0.5691128444012159
3501,3601,0.5714562823830842
3501,3502,0.5716826852692011
3601,3600,0.5719985852651523
3601,3501,0.5714562823830842
3601,3701,0.5729388891024634
3601,3602,0.5731176841250127
3701,3700,0.5735097456753653
3701,3601,0.5729388891024634
3701,3801,0.5735904415557738
3701,3702,0.5736882909979122
3801,3800,0.5742211832095128
3801,3701,0.5735904415557738
3801,3901,0.5734442533625586
3801,3802,0.573428930539988
3901,3900,0.574165034140047
3901,3801,0.5734442533625586
3901,4001,0.5725354662658313
3901,3902,0.5723769622066979
4001,4000,0.5733741961631065
4001,3901,0.5725354662658313
4001,4101,0.5708994849622279
4001,4002,0.5705709878296148
4101,4100,0.5718808950755385
4101,4001,0.5708994849622279
4101,4201,0.5685706052209698
4101,4102,0.5680493229145365
4201,4200,0.569715472831938
4201,4101,0.5685706052209698
4201,4301,0.5655808773840696
4201,4202,0.5648486793187663
4301,4300,0.5669054333872724
4301,4201,0.5655808773840696
4301,4401,0.5619592382600913
4301,4302,0.5610030985607501
4401,4400,0.5634747730224143
4401,4301,0.5619592382600913
4401,4501,0.557730934428175
4401,4402,0.5565431655000581
4501,4500,0.559443611427732
4501,4401,0.557730934428175
4501,4601,0.5529172493811717
4501,4502,0.5514955218062878
4601,4600,0.5548281290182434
4601,4501,0.5529172493811717
4601,4701,0.547535536094945
4601,4602,0.5458826878436913
4701,4700,0.5496408051158008
4701,4601,0.547535536094945
4701,4801,0.5415995458581284
4701,4702,0.5397231906774791
4801,4800,0.5438909411002998
4801,4701,0.5415995458581284
4801,4901,0.535120033869985
4801,4802,0.5330319852017638
4901,4900,0.5375854427316251
4901,4801,0.535120033869985
4901,5001,0.5281056125344386
4901,4902,0.5258211452323006
5001,5000,0.5307298268830805
5001,4901,0.5281056125344386
5001,5101,0.5205638148409351
5001,5002,0.5181007921138101
5101,5100,0.5233294101800265
5101,5001,0.5205638148409351
5101,5201,0.5125023229879633
5101,5102,0.5098802202467634
5201,5200,0.5153906307391025
5201,5101,0.5125023229879633
5201,5301,0.5039303116908291
5201,5202,0.5011691721891122
5301,5300,0.5069224495418473
5301,5201,0.5039303116908291
5301,5401,0.49485985159084467
5301,5302,0.49197921083650853
5401,5400,0.49793777508769055
5401,5301,0.49485985159084467
5401,5501,0.48530731596403676
5401,5402,0.48232513278094213
5501,5500,0.48845485393515725
5501,5401,0.48530731596403676
5501,5601,0.475294733572589
5501,5502,0.47222636538803436
5601,5600,0.4784985705786877
5601,5501,0.475294733572589
5601,5701,0.4648510320120376
5601,5602,0.4617082904552024
5701,5700,0.46810160278541435
5701,5601,0.4648510320120376
5701,5801,0.45401311922446674
5701,5702,0.4508034394956935
5801,5800,0.45730538293840245
5801,5701,0.45401311922446674
5801,5901,0.4428267558595701
5801,5802,0.43955250965864956
5901,5900,0.44616082195357804
5901,5801,0.4428267558595701
5901,6001,0.4313471777066089
5901,5902,0.4280051549096862
6001,6000,0.43472875976141856
6001,5901,0.4313471777066089
6001,6101,0.4196394352796581
6001,6002,0.41622051417643413
6101,6100,0.42308011493365416
6101,6001,0.4196394352796581
6101,6201,0.4077784265650509
6101,6102,0.4042674464811578
6201,6200,0.41129571551706146
6201,6101,0.4077784265650509
6201,6301,0.395848608650891
6201,6202,0.3922244523729753
6301,6300,0.3994658032120968
6301,6201,0.395848608650891
6301,6401,0.3839433841483157
6301,6302,0.38017927094164883
6401,6400,0.38768921338781864
6401,6301,0.3839433841483157
6401,6501,0.37216416866400825
6401,6402,0.36822815203019105
6501,6500,0.37607224373349823
6501,6401,0.37216416866400825
6501,6601,0.3606191557709877
6501,6502,0.3564748136417256
6601,6600,0.3647272342915978
6601,6501,0.3606191557709877
6601,6701,0.3494218056342182
6601,6602,0.3450291046343912
6701,6700,0.35377089088921265
6701,6601,0.3494218056342182
6701,6801,0.3386890923795209
6701,6702,0.33400540230409975
6801,6800,0.3433223923005559
6801,6701,0.3386890923795209
6801,6901,0.328539553174412
6801,6802,0.3235207830757699
6901,6900,0.3335013285773074
6901,6801,0.328539553174412
6901,7001,0.3190911885772069
6901,6902,0.3136930119950616
7001,7000,0.32442552366065847
7001,6901,0.3190911885772069
7001,7101,0.3104592688062611
7001,7002,0.304638402806961
7101,7100,0.3162087994676876
7101,7001,0.3104592688062611
7101,7201,0.3027541040314984
7101,7102,0.29646960494058133
7201,7200,0.3089587410039266
7201,7101,0.3027541040314984
7201,7301,0.2960788384935661
7201,7202,0.28929337655568477
7301,7300,0.3027745226257974
7301,7201,0.2960788384935661
7301,7401,0.2905273281642975
7301,7302,0.28320840386300594
7401,7400,0.29774485434814846
7401,7301,0.2905273281642975
7401,7501,0.28618215978305794
7401,7402,0.2783032261795696
7501,7500,0.29394610410578026
7501,7401,0.28618215978305794
7501,7601,0.2831128654991809
7501,7502,0.27465432364956877
7601,7600,0.2914406472296691
7601,7501,0.2831128654991809
7601,7701,0.2813743821357285
7601,7602,0.2723244203330402
7701,7700,0.2902754882349159
7701,7601,0.2813743821357285
7701,7801,0.28100579742758325
7701,7702,0.27136104957216967
7801,7800,0.2904811925302944
7801,7701,0.28100579742758325
7801,7901,0.2820294176842042
7801,7802,0.27179542136934476
7901,7900,0.2920711570800937
7901,7801,0.2820294176842042
7901,8001,0.2844501824278891
7901,7902,0.27364162317420043
8001,8000,0.2950412396413811
8001,7901,0.2844501824278891
8001,8101,0.288255441934882
8001,8002,0.27689617623537677
8101,8100,0.2993697562513512
8101,8001,0.288255441934882
8101,8201,0.2934151035525643
8101,8102,0.2815379598092226
8201,8200,0.305017846452465
8201,8101,0.2934151035525643
8201,8301,0.2998821424862347
8201,8202,0.28752850533245244
8301,8300,0.3119301956256608
8301,8201,0.2998821424862347
8301,8401,0.3075934627505992
8301,8302,0.2948126524670863
8401,8400,0.32003609405798783
8401,8301,0.3075934627505992
8401,8501,0.3164710844637471
8401,8402,0.30331954902079106
8501,8500,0.32925080329144085
8501,8401,0.3164710844637471
8501,8601,0.32642362490821686
8501,8502,0.3129639674301473
8601,8600,0.3394771921531822
8601,8501,0.32642362490821686
8601,8701,0.33734803305276173
8601,8602,0.3236479020446632
8701,8700,0.3506075978921906
8701,8601,0.33734803305276173
8701,8801,0.34913153074476877
8701,8702,0.33526240411364283
8801,8800,0.3625258622447264
8801,8701,0.34913153074476877
8801,8901,0.3616537087324154
8801,8802,0.34768960536876614
8901,8900,0.37510948817852674
8901,8801,0.3616537087324154
8901,9001,0.37478872219799064
8901,8902,0.3608048765828439
9001,9000,0.3882318606331199
9001,8901,0.37478872219799064
9001,9101,0.38840752867061146
9001,9002,0.374479064593238
9101,9100,0.4017644738397736
9101,9001,0.38840752867061146
9101,9201,0.40238011107740956
9101,9102,0.38858075007985476
9201,9200,0.41557910877555126
9201,9101,0.40238011107740956
9201,9301,0.4165776302741997
9201,9202,0.40297846890301725
9301,9300,0.42954990693552264
9301,9201,0.4165776302741997
9301,9401,0.43087445460485446
9301,9302,0.4175428420037784
9401,9400,0.443555290798475
9401,9301,0.43087445460485446
9401,9501,0.44515001875877347
9401,9402,0.43214856266475826
9501,9500,0.4574796869702593
9501,9401,0.44515001875877347
9501,9601,0.45929047026795483
9501,9502,0.44667619519131835
9601,9600,0.47121501482833883
9601,9501,0.45929047026795483
9601,9701,0.47319006920876583
9601,9602,0.4610137456245772
9701,9700,0.4846619113377727
9701,9601,0.47319006920876583
9701,9801,0.4867523148141183
9701,9702,0.4750579727248089
9801,9800,0.497730671309936
9801,9701,0.4867523148141183
9801,9901,0.4998907814983597
9801,9802,0.48871541591994966
9901,9900,0.5103418914564863
9901,9801,0.4998907814983597
9901,9902,0.5019031259293809
2,1,0.40057572400868696
2,102,0.4013145726414221
2,3,0.4117135227061352
102,101,0.39127911755557954
102,2,0.4013145726414221
102,202,0.3926834371282101
102,103,0.4027909499100697
202,201,0.38298999727613975
202,102,0.3926834371282101
202,302,0.3851034225765735
202,203,0.39483500258808635
302,301,0.3758353279628025
302,202,0.3851034225765735
302,402,0.378693221194656
302,303,0.38797242447070823
402,401,0.36992527233361405
402,302,0.378693221194656
402,502,0.37355377678720963
402,403,0.38231369656274417
502,501,0.3653508091399089
502,402,0.37355377678720963
502,602,0.3697660751525012
502,503,0.3779505749780746
602,601,0.36218178350824703
602,502,0.3697660751525012
602,702,0.36738938591766374
602,603,0.37495405094408973
702,701,0.36046543625957916
702,602,0.36738938591766374
702,802,0.3664599975955731
702,703,0.37337278270847163
802,801,0.360225445909503
802,702,0.3664599975955731
802,902,0.36699047426231224
802,803,0.37323203622935763
902,901,0.36146150319349696
902,802,0.36699047426231224
902,1002,0.36896944819985145
902,903,0.37453315776185603
1002,1001,0.36414942367841685
1002,902,0.36896944819985145
1002,1102,0.3723619485261741
1002,1003,0.3772535871650795
1102,1101,0.36824178972375116
1102,1002,0.3723619485261741
1102,1202,0.3771102516519909
1102,1103,0.3813474063521337
1202,1201,0.3736690991481625
1202,1102,0.3771102516519909
1202,1302,0.3831352257596705
1202,1203,0.38674640319908893
1302,1301,0.3803413848291957
1302,1202,0.3831352257596705
1302,1402,0.39033812877769136
1302,1303,0.3933616178145577
1402,1401,0.3881502574817811
1402,1302,0.39033812877769136
1402,1502,0.39860280787479174
1402,1403,0.40108532572278344
1502,1501,0.3969713133530501
1502,1402,0.39860280787479174
1502,1602,0.40779823863440506
1502,1503,0.40979340157009303
1602,1601,0.4066668398206288
1602,1502,0.40779823863440506
1602,1702,0.41778133405576856
1602,1603,0.4193479977238139
1702,1701,0.41708874511893856
1702,1602,0.41778133405576856
1702,1802,0.42839994757123967
1702,1703,0.4296004648391132
1802,1801,0.42808163381356945
1802,1702,0.42839994757123967
1802,1902,0.439495990516344
1802,1803,0.4403944363090755
1902,1901,0.4394859473036451
1902,1802,0.439495990516344
1902,2002,0.4509085830210162
1902,1903,0.4515689956095104
2002,2001,0.45114108859552504
2002,1902,0.4509085830210162
2002,2102,0.46247715812132045
2002,2003,0.46296184495865456
2102,2101,0.462888452830077
2102,2002,0.46247715812132045
2102,2202,0.47404444196747797
2102,2103,0.4744123954215739
2202,2201,0.47457428946577096
2202,2102,0.47404444196747797
2202,2302,0.4854592382081614
2202,2203,0.4857647025211766
2302,2301,0.48605232846401447
2302,2202,0.4854592382081614
2302,2402,0.4965789517836667
2302,2303,0.4968701774298858
2402,2401,0.4971861110767593
2402,2302,0.4965789517836667
2402,2502,0.507271796227468
2402,2403,0.5075900117063443
2502,2501,0.5078509756340491
2502,2402,0.507271796227468
2502,2602,0.5174186388747883
2502,2503,0.517797263055409
2602,2601,0.5179356597628617
2602,2502,0.5174186388747883
2602,2702,0.526914449787091
2602,2603,0.5273785604275261
2702,2701,0.5273434923973797
2702,2602,0.526914449787091
2702,2802,0.5356693323725762
2702,2703,0.5362353986001731
2802,2801,0.5359931614010971
2802,2702,0.5356693323725762
2802,2902,0.5436091262460514
2802,2803,0.5442850048387132
2902,2901,0.543819055237734
2902,2802,0.5436091262460514
2902,3002,0.5506755854506986
2902,2903,0.551460772941593
3002,3001,0.5507711895252261
3002,2902,0.5506755854506986
3002,3102,0.5568261473869005
3002,3003,0.5577122725568995
3102,3101,0.5568147411203661
3102,3002,0.5568261473869005
3102,3202,0.5620333193018883
3102,3103,0.563004853743507
3202,3201,0.561929223267861
3202,3102,0.5620333193018883
3202,3302,0.5662837196564263
3202,3203,0.5673188779890094
3302,3301,0.5661073449952321
3302,3202,0.5662837196564263
3302,3402,0.5695768208040661
3302,3303,0.5706486169662665
3402,3401,0.569353606073352
3402,3302,0.5695768208040661
3402,3502,0.571923446941337
3402,3403,0.5730008689272841
3502,3501,0.5716826852692011
3502,3402,0.571923446941337
3502,3602,0.5733440870111296
3502,3503,0.5743933495606414
3602,3601,0.5731176841250127
3602,3502,0.5733440870111296
3602,3702,0.5738670860204615
3602,3603,0.5748529191935874
3702,3701,0.5736882909979122
3702,3602,0.5738670860204615
3702,3802,0.5735267799821265
3702,3703,0.5744137112775047
3802,3801,0.573428930539988
3802,3702,0.5735267799821265
3802,3902,0.5723616393841273
3802,3803,0.573115228092598
3902,3901,0.5723769622066979
3902,3802,0.5723616393841273
3902,4002,0.5704124837704814
3902,3903,0.5710004685443174
4002,4001,0.5705709878296148
4002,3902,0.5704124837704814
4002,4102,0.5677208257819235
4002,4003,0.5681141498625537
4102,4101,0.5680493229145365
4102,4002,0.5677208257819235
4102,4202,0.564327397012333
4102,4103,0.5645010800773114
4202,4201,0.5648486793187663
4202,4102,0.564327397012333
4202,4302,0.5602709004954467
4202,4203,0.5602047315094985
4302,4301,0.5610030985607501
4302,4202,0.5602709004954467
4302,4402,0.555587025800717
4302,4303,0.5552660574105555
4402,4401,0.5565431655000581
4402,4302,0.555587025800717
4402,4502,0.5503077528781709
4402,4403,0.5497225845803
4502,4501,0.5514955218062878
4502,4402,0.5503077528781709
4502,4602,0.5444609602688074
4502,4503,0.5436078045928906
4602,4601,0.5458826878436913
4602,4502,0.5444609602688074
4602,4702,0.5380703424262256
4602,4603,0.5369508754949635
4702,4701,0.5397231906774791
4702,4602,0.5380703424262256
4702,4802,0.5311556300211147
4702,4703,0.5297766348505129
4802,4801,0.5330319852017638
4802,4702,0.5311556300211147
4802,4902,0.5237330965640794
4802,4803,0.522105914140492
4902,4901,0.5258211452323006
4902,4802,0.5237330965640794
4902,5002,0.5158163248116721
4902,4903,0.5139561341207186
5002,5001,0.5181007921138101
5002,4902,0.5158163248116721
5002,5102,0.5074171975196382
5002,5003,0.505342151121609
5102,5101,0.5098802202467634
5102,5002,0.5074171975196382
5102,5202,0.49854706944791227
5102,5103,0.49627731573252953
5202,5201,0.5011691721891122
5202,5102,0.49854706944791227
5202,5302,0.4892180713347916
5202,5203,0.4867746981113308
5302,5301,0.49197921083650853
5302,5202,0.4892180713347916
5302,5402,0.479444492026606
5302,5303,0.47684842851155584
5402,5401,0.48232513278094213
5402,5302,0.479444492026606
5402,5502,0.4692441822049397
5402,5403,0.4665150976917625
5502,5501,0.47222636538803436
5502,5402,0.4692441822049397
5502,5602,0.45863992227064776
5502,5503,0.4557951597746518
5602,5601,0.4617082904552024
5602,5502,0.45863992227064776
5602,5702,0.4476606979388583
5602,5603,0.4447142799120736
5702,5701,0.4508034394956935
5702,5602,0.4476606979388583
5702,5802,0.4363428299298764
5702,5703,0.4333045707804375
5802,5801,0.43955250965864956
5802,5702,0.4363428299298764
5802,5902,0.4247309087087657
5802,5803,0.42160566541636235
5902,5901,0.4280051549096862
5902,5802,0.4247309087087657
5902,6002,0.4128784913795115
5902,5903,0.409665579085398
6002,6001,0.41622051417643413
6002,5902,0.4128784913795115
6002,6102,0.4008485253779339
6002,6003,0.39754131958634903
6102,6101,0.4042674464811578
6102,6002,0.4008485253779339
6102,6202,0.38871347228908226
6102,6103,0.3852992134128276
6202,6201,0.3922244523729753
6202,6102,0.38871347228908226
6202,6302,0.37655511466373315
6202,6203,0.3730149242656045
6302,6301,0.38017927094164883
6302,6202,0.37655511466373315
6302,6402,0.3644640388235242
6302,6303,0.36077315024633605
6402,6401,0.36822815203019105
6402,6302,0.3644640388235242
6402,6502,0.35253879700790847
6402,6403,0.34866699635548737
6502,6501,0.3564748136417256
6502,6402,0.35253879700790847
6502,6602,0.3408847625051291
6502,6503,0.33679702934238576
6602,6601,0.3450291046343912
6602,6502,0.3408847625051291
6602,6702,0.3296127013042728
6602,6603,0.32527003218852113
6702,6701,0.33400540230409975
6702,6602,0.3296127013042728
6702,6802,0.3188370930003488
6702,6703,0.314197485229154
6802,6801,0.3235207830757699
6802,6702,0.3188370930003488
6802,6902,0.30867424189641957
6802,6803,0.30369380983295363
6902,6901,0.3136930119950616
6902,6802,0.30867424189641957
6902,7002,0.2992402262248157
6902,6903,0.2938744183910317
7002,7001,0.304638402806961
7002,6902,0.2992402262248157
7002,7102,0.2906487389412812
7002,7003,0.28485362087631
7102,7101,0.29646960494058133
7102,7002,0.2906487389412812
7102,7202,0.28300887746476766
7102,7103,0.27674244322432234
7202,7201,0.28929337655568477
7202,7102,0.28300887746476766
7202,7302,0.2764229419251246
7202,7203,0.26964641610761864
7302,7301,0.28320840386300594
7302,7202,0.2764229419251246
7302,7402,0.27098430187827804
7302,7303,0.2636633942301391
7402,7401,0.2783032261795696
7402,7302,0.27098430187827804
7402,7502,0.2667753900460804
7402,7403,0.2588814660121695
7502,7501,0.27465432364956877
7502,7402,0.2667753900460804
7502,7602,0.263865878483428
7502,7503,0.2553770114833547
7602,7601,0.2723244203330402
7602,7502,0.263865878483428
7602,7702,0.26231108776948137
7602,7603,0.2532129624183105
7702,7701,0.27136104957216967
7702,7602,0.26231108776948137
7702,7802,0.2621506735139312
7702,7703,0.2524373133568588
7802,7801,0.27179542136934476
7802,7702,0.2621506735139312
7802,7902,0.26340762685934105
7802,7803,0.253081925317637
7902,7901,0.27364162317420043
7902,7802,0.26340762685934105
7902,8002,0.26608761698168804
7902,7903,0.2551616559518355
8002,8001,0.27689617623537677
8002,7902,0.26608761698168804
8002,8102,0.27017869410971734
8002,8003,0.2586738408416191
8102,8101,0.2815379598092226
8102,8002,0.27017869410971734
8102,8202,0.27565136158911074
8102,8103,0.2635981409024162
8202,8201,0.28752850533245244
8202,8102,0.27565136158911074
8202,8302,0.2824590153133041
8202,8203,0.26989676069685187
8302,8301,0.2948126524670863
8302,8202,0.2824590153133041
8302,8402,0.29053873873727815
8302,8303,0.2775150322183666
8402,8401,0.30331954902079106
8402,8302,0.29053873873727815
8402,8502,0.29981243198719126
8402,8403,0.2863823486635497
8502,8501,0.3129639674301473
8502,8402,0.29981243198719126
8502,8602,0.31018824456659366
8502,8503,0.2964134231846065
8602,8601,0.3236479020446632
8602,8502,0.31018824456659366
8602,8702,0.3215622731055443
8602,8603,0.30750983888048705
8702,8701,0.33526240411364283
8702,8602,0.3215622731055443
8702,8802,0.33382047873764026
8702,8703,0.31956184860417935
8802,8801,0.34768960536876614
8802,8702,0.33382047873764026
8802,8902,0.3468407732191947
8802,8803,0.3324503767579744
8902,8901,0.3608048765828439
8902,8802,0.3468407732191947
8902,9002,0.3604952189780912
8902,8903,0.3460491703010654
9002,9001,0.374479064593238
9002,8902,0.3604952189780912
9002,9102,0.37465228600248124
9002,9003,0.36022704284174684
9102,9101,0.38858075007985476
9102,9002,0.37465228600248124
9102,9202,0.3891791079054625
9102,9103,0.37485015401707816
9202,9201,0.40297846890301725
9202,9102,0.3891791079054625
9202,9302,0.40394368063259595
9202,9203,0.3897842664113019
9302,9301,0.4175428420037784
9302,9202,0.40394368063259595
9302,9402,0.4188169500636822
9302,9303,0.4048969240128526
9402,9401,0.43214856266475826
9402,9302,0.4188169500636822
9402,9502,0.43367473909730314
9402,9403,0.42005949958860944
9502,9501,0.44667619519131835
9502,9402,0.43367473909730314
9502,9602,0.4483994705479407
9502,9503,0.43514906324384756
9602,9601,0.4610137456245772
9602,9502,0.4483994705479407
9602,9702,0.46288164914062024
9602,9603,0.4500500306721438
9702,9701,0.4750579727248089
9702,9602,0.46288164914062024
9702,9802,0.4770210738306403
9702,9703,0.46465555697627636
9802,9801,0.48871541591994966
9802,9702,0.4770210738306403
9802,9902,0.49072776035097093
9802,9803,0.4788686502201711
9902,9901,0.5019031259293809
9902,9802,0.49072776035097093
9902,9903,0.4926029877885881
3,2,0.4117135227061352
3,103,0.41318989997478284
3,4,0.42389598777173443
103,102,0.4027909499100697
103,3,0.41318989997478284
103,203,0.40494251536994597
103,104,0.4154080349186705
203,202,0.39483500258808635
203,103,0.40494251536994597
203,303,0.3977040044822211
203,204,0.40784353056622785
303,302,0.38797242447070823
303,203,0.3977040044822211
303,403,0.3915928998387964
303,304,0.4013285816794742
403,402,0.38231369656274417
403,303,0.3915928998387964
403,503,0.3867104947536091
403,404,0.39597358945002226
503,502,0.3779505749780746
503,403,0.3867104947536091
503,603,0.3831385507696631
503,504,0.39187071175120214
603,602,0.37495405094408973
603,503,0.3831385507696631
603,703,0.3809374477348976
603,604,0.3890917372683797
703,702,0.37337278270847163
703,603,0.3809374477348976
703,803,0.38014482134225624
703,704,0.3876864239453817
803,802,0.37323203622935763
803,703,0.38014482134225624
803,903,0.3807747197289014
803,804,0.3876813417403586
903,902,0.37453315776185603
903,803,0.3807747197289014
903,1003,0.38281729672708403
903,904,0.3890792460262146
1003,1002,0.3772535871650795
1003,903,0.38281729672708403
1003,1103,0.3862390449910391
1003,1004,0.3918589936944389
1103,1102,0.3813474063521337
1103,1003,0.3862390449910391
1103,1203,0.39098355789923167
1103,1104,0.3959759995343686
1203,1202,0.38674640319908893
1203,1103,0.39098355789923167
1203,1303,0.3969727952539761
1203,1204,0.4013632161734698
1303,1302,0.3933616178145577
1303,1203,0.3969727952539761
1303,1403,0.4041088147596497
1303,1304,0.40793260718039326
1403,1402,0.40108532572278344
1403,1303,0.4041088147596497
1403,1503,0.4122759194180847
1403,1404,0.41557707023314244
1503,1502,0.40979340157009303
1503,1403,0.4122759194180847
1503,1603,0.42134316065950195
1503,1504,0.4241727558903669
1603,1602,0.4193479977238139
1603,1503,0.42134316065950195
1603,1703,0.4311671285071586
1603,1604,0.4335817177838426
1703,1702,0.4296004648391132
1703,1603,0.4311671285071586
1703,1803,0.44159495357694906
1703,1704,0.4436548222339506
1803,1802,0.4403944363090755
1803,1703,0.44159495357694906
1803,1903,0.45246744140224193
1803,1804,0.45423483957954164
1903,1902,0.4515689956095104
1903,1803,0.45246744140224193
1903,2003,0.4636222575471488
1903,1904,0.46515963604834254
2003,2002,0.46296184495865456
2003,1903,0.4636222575471488
2003,2103,0.474897082258908
2003,2004,0.47626538384715
2103,2102,0.4744123954215739
2103,2003,0.474897082258908
2103,2203,0.48613265597527255
2103,2104,0.4873897083275722
2203,2202,0.4857647025211766
2203,2103,0.48613265597527255
2203,2303,0.497175641742901
2203,2204,0.4983746945206352
2303,2302,0.4968701774298858
2303,2203,0.497175641742901
2303,2403,0.5078812373525634
2303,2304,0.5090696809045031
2403,2402,0.5075900117063443
2403,2303,0.5078812373525634
2403,2503,0.5181154785342853
2403,2404,0.5193337757853571
2503,2502,0.517797263055409
2503,2403,0.5181154785342853
2503,2603,0.5277571846081466
2503,2504,0.5290380408886901
2603,2602,0.5273785604275261
2603,2503,0.5277571846081466
2603,2703,0.5366995092406082
2603,2604,0.5380672973862464
2703,2702,0.5362353986001731
2703,2603,0.5366995092406082
2703,2803,0.5448510710663101
2703,2704,0.5463215212936408
2803,2802,0.5442850048387132
2803,2703,0.5448510710663101
2803,2903,0.5521366515342547
2803,2804,0.5537168076081681
2903,2902,0.551460772941593
2903,2803,0.5521366515342547
2903,3003,0.5584974600477939
2903,2904,0.5601858953409131
3003,3002,0.5577122725568995
3003,2903,0.5584974600477939
3003,3103,0.5638909789135059
3003,3004,0.5656782583512824
3103,3102,0.563004853743507
3103,3003,0.5638909789135059
3103,3203,0.5682904124306281
3103,3104,0.5701597792399999
3203,3202,0.5673188779890094
3203,3103,0.5682904124306281
3203,3303,0.5716837752988495
3203,3204,0.5736120351392396
3303,3302,0.5706486169662665
3303,3203,0.5716837752988495
3303,3403,0.5740726650894844
3303,3304,0.5760312347235708
3403,3402,0.5730008689272841
3403,3303,0.5740726650894844
3403,3503,0.5754707715465885
3403,3404,0.5774268548569893
3503,3502,0.5743933495606414
3503,3403,0.5754707715465885
3503,3603,0.5759021817430992
3503,3504,0.5778200327386723
3603,3602,0.5748529191935874
3603,3503,0.5759021817430992
3603,3703,0.5753995444506305
3603,3604,0.5772417750145846
3703,3702,0.5744137112775047
3703,3603,0.5753995444506305
3703,3803,0.574002159387976
3703,3704,0.5757310489425869
3803,3802,0.573115228092598
3803,3703,0.574002159387976
3803,3903,0.5717540572527882
3803,3804,0.573332822255447
3903,3902,0.5710004685443174
3903,3803,0.5717540572527882
3903,4003,0.5687021346363899
3903,3904,0.570096117842463
4003,4002,0.5681141498625537
4003,3903,0.5687021346363899
4003,4103,0.5648944041579416
4003,4004,0.5660721468126559
4103,4102,0.5645010800773114
4103,4003,0.5648944041579416
4103,4203,0.5603784145744768
4103,4104,0.5613125790181279
4203,4202,0.5602047315094985
4203,4103,0.5603784145744768
4203,4303,0.5551998884246072
4203,4204,0.5558680038699322
4303,4302,0.5552660574105555
4303,4203,0.5551998884246072
4303,4403,0.5494016161901385
4303,4304,0.5497866264872132
4403,4402,0.5497225845803
4403,4303,0.5494016161901385
4403,4503,0.5430226362950197
4403,4404,0.543113235144693
4503,4502,0.5436078045928906
4503,4403,0.5430226362950197
4503,4603,0.5360977198190466
4503,4504,0.5358884659215734
4603,4602,0.5369508754949635
4603,4503,0.5360977198190466
4603,4703,0.5286571679192507
4603,4604,0.5281483797314079
4703,4702,0.5297766348505129
4703,4603,0.5286571679192507
4703,4803,0.5207269189698902
4703,4704,0.5199243558692861
4803,4802,0.522105914140492
4803,4703,0.5207269189698902
4803,4903,0.512328951697131
4803,4804,0.5112432951980266
4903,4902,0.5139561341207186
4903,4803,0.512328951697131
4903,5003,0.5034819604306554
4903,4904,0.5021281154530374
5003,5002,0.505342151121609
5003,4903,0.5034819604306554
5003,5103,0.4942022693345002
5003,5004,0.49259851120538745
5103,5102,0.49627731573252953
5103,5003,0.4942022693345002
5103,5203,0.48450494439594805
5103,5104,0.4826719420892266
5203,5202,0.4867746981113308
5203,5103,0.48450494439594805
5203,5303,0.47440505528809496
5203,5204,0.47236480524393154
5303,5302,0.47684842851155584
5303,5203,0.47440505528809496
5303,5403,0.4639190341767123
5303,5304,0.46169374177253797
5403,5402,0.4665150976917625
5403,5303,0.4639190341767123
5403,5503,0.45306607526147463
5403,5404,0.4506770225568929
5503,5502,0.4557951597746518
5503,5403,0.45306607526147463
5503,5603,0.4418695174160776
5503,5504,0.43933595612371534
5603,5602,0.4447142799120736
5603,5503,0.4418695174160776
5603,5703,0.43035815275365275
5603,5604,0.42769626049441045
5703,5702,0.4333045707804375
5703,5603,0.43035815275365275
5703,5803,0.4185674062669235
5703,5704,0.4157893420862352
5803,5802,0.42160566541636235
5803,5703,0.4185674062669235
5803,5903,0.4065403357929947
5803,5804,0.4036534277156414
5903,5902,0.409665579085398
5903,5803,0.4065403357929947
5903,6003,0.39432840729223556
5903,5904,0.39133450048183127
6003,6002,0.39754131958634903
6003,5903,0.39432840729223556
6003,6103,0.38199200762124264
6003,6004,0.37888699662188147
6103,6102,0.3852992134128276
6103,6003,0.38199200762124264
6103,6203,0.3696006653893498
6103,6104,0.3663742281223137
6203,6202,0.3730149242656045
6203,6103,0.3696006653893498
6203,6303,0.35723295984820735
6203,6204,0.353868504698278
6303,6302,0.36077315024633605
6303,6203,0.35723295984820735
6303,6403,0.3449761077782992
6303,6304,0.3414509384295369
6403,6402,0.34866699635548737
6403,6303,0.3449761077782992
6403,6503,0.33292522868996466
6403,6404,0.32921092456647705
6503,6502,0.33679702934238576
6503,6403,0.33292522868996466
6503,6603,0.32118229902577766
6503,6504,0.31724530246838556
6603,6602,0.32527003218852113
6603,6503,0.32118229902577766
6603,6703,0.3098548161134024
6603,6604,0.305657210984066
6703,6702,0.314197485229154
6703,6603,0.3098548161134024
6703,6803,0.29905420206175887
6703,6704,0.2945546625100782
6803,6802,0.30369380983295363
6803,6703,0.29905420206175887
6803,6903,0.2888939863275658
6803,6804,0.28404886915775307
6903,6902,0.2938744183910317
6903,6803,0.2888939863275658
6903,7003,0.279487813042526
6903,6904,0.27425236264390435
7003,7002,0.28485362087631
7003,6903,0.279487813042526
7003,7103,0.27094732515935116
7003,7004,0.2652769564416462
7103,7102,0.27674244322432234
7103,7003,0.27094732515935116
7103,7203,0.2633799818671733
