u,v,cost
0,1,0.686335738523427
0,100,0.6873986816934232
1,0,0.686335738523427
1,2,0.6890379761865344
1,101,0.6900379099739572
2,1,0.6890379761865344
2,3,0.6920910976385197
2,102,0.6930292251034723
3,2,0.6920910976385197
3,4,0.6954759360923867
3,103,0.6963563304527012
4,3,0.6954759360923867
4,5,0.6991643536224617
4,104,0.6999938116160425
5,4,0.6991643536224617
5,6,0.703119853147157
5,105,0.7039077410137913
6,5,0.703119853147157
6,7,0.7072982506881882
6,106,0.7080563467564609
7,6,0.7072982506881882
7,8,0.7116483947298387
7,107,0.7123907317106398
8,7,0.7116483947298387
8,9,0.7161129204830315
8,108,0.7168556296171361
9,8,0.7161129204830315
9,10,0.720629028063345
9,109,0.7213901862822699
10,9,0.720629028063345
10,11,0.7251292749650677
10,110,0.7259287552378638
11,10,0.7251292749650677
11,12,0.7295423746974397
11,111,0.7304016987871713
12,11,0.7295423746974397
12,13,0.7337939949858192
12,112,0.7347361869625127
13,12,0.7337939949858192
13,14,0.7378075504717221
13,113,0.7388569885556905
14,13,0.7378075504717221
14,15,0.7415049863156417
14,114,0.7426872499851574
15,14,0.7415049863156417
15,16,0.7448075504633024
15,115,0.7461492592783723
16,15,0.7448075504633024
16,17,0.7476365535325765
16,116,0.7491651938222198
17,16,0.7476365535325765
17,18,0.7499141162743148
17,117,0.751657851722897
18,17,0.7499141162743148
18,19,0.7515639053229144
18,118,0.7535513675806905
19,18,0.7515639053229144
19,20,0.7525118584570575
19,119,0.7547719141940119
20,19,0.7525118584570575
20,21,0.7526869008223517
20,120,0.7552483921391734
21,20,0.7526869008223517
21,22,0.7520216535196302
21,121,0.7549131093157089
22,21,0.7520216535196302
22,23,0.7504531356391126
22,122,0.7537024523990664
23,22,0.7504531356391126
23,24,0.7479234602346763
23,123,0.7515575517108017
24,23,0.7479234602346763
24,25,0.7443805239064164
24,124,0.7484249403180834
25,24,0.7443805239064164
25,26,0.7397786886242583
25,125,0.7442572072355453
26,25,0.7397786886242583
26,27,0.7340794532190393
26,126,0.7390136434580307
27,26,0.7340794532190393
27,28,0.7272521106351236
27,127,0.7326608782444581
28,27,0.7272521106351236
28,29,0.7192743856305318
28,128,0.7251735016493535
29,28,0.7192743856305318
29,30,0.7101330461808442
29,129,0.7165346678126584
30,29,0.7101330461808442
30,31,0.6998244804483276
30,130,0.7067366720269042
31,30,0.6998244804483276
31,32,0.6883552298750353
31,131,0.6957814931622868
32,31,0.6883552298750353
32,33,0.6757424678044425
32,132,0.683681291703151
33,32,0.6757424678044425
33,34,0.6620144120843786
33,133,0.6704588524911796
34,33,0.6620144120843786
34,35,0.647210659404299
34,134,0.6561479603351621
35,34,0.647210659404299
35,36,0.6313824287165032
35,135,0.640793695983892
36,35,0.6313824287165032
36,37,0.614592701020886
36,136,0.624452639610619
37,36,0.614592701020886
37,38,0.5969162430851528
37,137,0.6071929689600285
38,37,0.5969162430851528
38,39,0.5784395033469321
38,138,0.5890944396887149
39,38,0.5784395033469321
39,40,0.5592603693105977
39,139,0.570248236204643
40,39,0.5592603693105977
40,41,0.5394877772090547
40,140,0.5507566824867898
41,40,0.5394877772090547
41,42,0.5192411665376382
41,141,0.5307328039387808
42,41,0.5192411665376382
42,43,0.49864977426110246
42,142,0.510299733284631
43,42,0.49864977426110246
43,44,0.4778517660123518
43,143,0.48958995582431597
44,43,0.4778517660123518
44,45,0.4569932043999838
44,144,0.46874439199492013
45,44,0.4569932043999838
45,46,0.4362268575685072
45,145,0.44791131808270135
46,45,0.4362268575685072
46,47,0.41571085434967775
46,146,0.4272451290464955
47,46,0.41571085434967775
47,48,0.39560719563834146
47,147,0.4069049506796478
48,47,0.39560719563834146
48,49,0.3760801349485675
48,148,0.38705311168562107
49,48,0.3760801349485675
49,50,0.35729444437901503
49,149,0.36785348959614195
50,49,0.35729444437901503
50,51,0.3394135853617244
50,150,0.3494697477415471
51,50,0.3394135853617244
51,52,0.3225978065070012
51,151,0.33206348361068194
52,51,0.3225978065070012
52,53,0.30700219351167823
52,152,0.31579231183267686
53,52,0.30700219351167823
53,54,0.29277469839536135
53,153,0.30080790759789133
54,53,0.29277469839536135
54,55,0.28005417720136216
54,154,0.2872540385373239
55,54,0.28005417720136216
55,56,0.2689684666852457
55,155,0.2752646148321705
56,55,0.2689684666852457
56,57,0.2596325313625487
56,156,0.26496178856906394
57,56,0.2596325313625487
57,58,0.25214671255688875
57,157,0.2564541340426736
58,57,0.25214671255688875
58,59,0.2465951107506174
58,158,0.24983494079737528
59,58,0.2465951107506174
59,60,0.24304413157526572
59,159,0.24518065066747485
60,59,0.24304413157526572
60,61,0.24154122418446045
60,160,0.24254946890777138
61,60,0.24154122418446045
61,62,0.24211383853774038
61,161,0.24198017770364993
62,61,0.24211383853774038
62,63,0.24476862531366628
62,162,0.24349117792689634
63,62,0.24476862531366628
63,64,0.24949089880235747
63,163,0.24707978198868247
64,63,0.24949089880235747
64,65,0.2562443792519149
64,164,0.2527217770769279
65,64,0.2562443792519149
65,66,0.2649712268232871
65,165,0.26037127400704707
66,65,0.2649712268232871
66,67,0.27559237461844305
66,166,0.269960852430536
67,66,0.27559237461844305
67,68,0.28800816327160045
67,167,0.2814020083136005
68,67,0.28800816327160045
68,69,0.30209927442529805
68,168,0.2945859045061894
69,68,0.30209927442529805
69,70,0.3177279551513253
69,169,0.3093844199662517
70,69,0.3177279551513253
70,71,0.33473952012428676
70,170,0.3256514878865051
71,70,0.33473952012428676
71,72,0.35296411321850407
71,171,0.34322470769687213
72,71,0.35296411321850407
72,73,0.3722187052826173
72,172,0.3619272107920277
73,72,0.3722187052826173
73,74,0.39230930025391253
73,173,0.38156975496627765
74,73,0.39230930025391253
74,75,0.41303331760477235
74,174,0.4019530180304558
75,74,0.41303331760477235
75,76,0.4341821154586386
75,175,0.4228700570353158
76,75,0.4341821154586386
76,77,0.4555436156555621
76,176,0.44410889602325665
77,76,0.4555436156555621
77,78,0.4769049896600327
77,177,0.4654552023557256
78,77,0.4769049896600327
78,79,0.4980553625460698
78,178,0.48669500948632816
79,78,0.4980553625460698
79,80,0.5187884914122847
79,179,0.5076174426255289
80,79,0.5187884914122847
80,81,0.5389053745033257
80,180,0.5280174031131646
81,80,0.5389053745033257
81,82,0.5582167480583101
81,181,0.5476981675055942
82,81,0.5582167480583101
82,83,0.5765454294694019
82,182,0.5664738584043965
83,82,0.5765454294694019
83,84,0.5937284676957182
83,183,0.5841717458955957
84,83,0.5937284676957182
84,85,0.6096190650036639
84,184,0.6006343411078532
85,84,0.6096190650036639
85,86,0.6240882379429669
85,185,0.6157212467937827
86,85,0.6240882379429669
86,87,0.6370261899512113
86,186,0.6293107339333345
87,86,0.6370261899512113
87,88,0.648343373027631
87,187,0.6413010180798439
88,87,0.648343373027631
88,89,0.6579712214359521
88,188,0.6516112144320084
89,88,0.6579712214359521
89,90,0.6658625462820489
89,189,0.6601819563208422
90,89,0.6658625462820489
90,91,0.6719915859524526
90,190,0.666975667841506
91,90,0.6719915859524526
91,92,0.6763537136752431
91,191,0.6719764876198817
92,91,0.6763537136752431
92,93,0.6789648097525993
92,192,0.6751898470611327
93,92,0.6789648097525993
93,94,0.6798603121898854
93,193,0.6766417127575743
94,93,0.6798603121898854
94,95,0.6790939653864161
94,194,0.6763775089105077
95,94,0.6790939653864161
95,96,0.676736292138499
95,195,0.6744607415219543
96,95,0.676736292138499
96,97,0.6728728193228416
96,196,0.6709713516187219
97,96,0.6728728193228416
97,98,0.6676020921734136
97,197,0.6660038297712594
98,97,0.6676020921734136
98,99,0.6610335159438696
98,198,0.6596651285612922
99,98,0.6610335159438696
99,199,0.6520724133447504
100,0,0.6873986816934232
100,101,0.6911008531439534
100,200,0.6919192423793437
101,1,0.6900379099739572
101,100,0.6911008531439534
101,102,0.6940291588908951
101,201,0.6948028081269833
102,2,0.6930292251034723
102,101,0.6940291588908951
102,103,0.6972944579176538
102,202,0.6980259362554511
103,3,0.6963563304527012
103,102,0.6972944579176538
103,104,0.700874205976357
103,203,0.7015687936127125
104,4,0.6999938116160425
104,103,0.700874205976357
104,105,0.7047371990073721
104,204,0.7054027306319341
105,5,0.7039077410137913
105,104,0.7047371990073721
105,106,0.7088442346230952
105,205,0.7094909362812958
106,6,0.7080563467564609
106,105,0.7088442346230952
106,107,0.7131488277789126
106,206,0.7137891514142223
107,7,0.7123907317106398
107,106,0.7131488277789126
107,108,0.7175979665979373
107,207,0.718246425600494
108,8,0.7168556296171361
108,107,0.7175979665979373
108,109,0.7221328954163745
108,208,0.7228059035425056
109,9,0.7213901862822699
109,108,0.7221328954163745
109,110,0.7266899134567888
109,209,0.727405628480521
110,10,0.7259287552378638
110,109,0.7266899134567888
110,111,0.7312011790599674
110,210,0.7319793515096453
111,11,0.7304016987871713
111,110,0.7312011790599674
111,112,0.7355955110522444
111,211,0.7364573374090841
112,12,0.7347361869625127
112,111,0.7355955110522444
112,113,0.739799180532384
112,212,0.7407671593581142
113,13,0.7388569885556905
113,112,0.739799180532384
113,114,0.7437366880691259
113,213,0.7448344767196104
114,14,0.7426872499851574
114,113,0.7437366880691259
114,115,0.7473315229478881
114,214,0.7485837918485292
115,15,0.7461492592783723
115,114,0.7473315229478881
115,116,0.7505069026372897
115,215,0.7519391835698199
116,16,0.7491651938222198
116,115,0.7505069026372897
116,117,0.7531864920125403
116,216,0.7548250165126564
117,17,0.751657851722897
117,116,0.7531864920125403
117,118,0.7552951030292727
117,217,0.7571666268362998
118,18,0.7535513675806905
118,117,0.7552951030292727
118,119,0.7567593764517881
118,218,0.758890985995226
119,19,0.7547719141940119
119,118,0.7567593764517881
119,120,0.7575084478761278
119,219,0.7599273450335575
120,20,0.7552483921391734
120,119,0.7575084478761278
120,121,0.7574746006325306
120,220,0.7602078624466293
121,21,0.7549131093157089
121,120,0.7574746006325306
121,122,0.7565939081951452
121,221,0.7596682188859987
122,22,0.7537024523990664
122,121,0.7565939081951452
122,123,0.7548068684707556
122,222,0.7582482219085483
123,23,0.7515575517108017
123,122,0.7548068684707556
123,124,0.7520590317942089
123,223,0.7558924035863435
124,24,0.7484249403180834
124,123,0.7520590317942089
124,125,0.7483016236472122
124,224,0.7525506131171992
125,25,0.7442572072355453
125,124,0.7483016236472122
125,126,0.7434921620693178
125,225,0.7481786056318973
126,26,0.7390136434580307
126,125,0.7434921620693178
126,127,0.7375950684834496
126,226,0.742738627217044
127,27,0.7326608782444581
127,126,0.7375950684834496
127,128,0.730582269258688
127,227,0.7361999948048898
128,28,0.7251735016493535
128,127,0.730582269258688
128,129,0.72243378383148
128,228,0.7285396680722886
129,29,0.7165346678126584
129,128,0.72243378383148
129,130,0.7131382936587185
129,229,0.7197428088949273
130,30,0.7067366720269042
130,129,0.7131382936587185
130,131,0.7026936847408634
130,230,0.7098033222785847
131,31,0.6957814931622868
131,130,0.7026936847408634
131,132,0.6911075549904024
131,231,0.6987243710974909
132,32,0.683681291703151
132,131,0.6911075549904024
132,133,0.6783976763898881
132,232,0.686518855472404
133,33,0.6704588524911796
133,132,0.6783976763898881
133,134,0.664592400741963
133,233,0.6732098462782988
134,34,0.6561479603351621
134,133,0.664592400741963
134,135,0.6497309969147551
134,234,0.6588309611413894
135,35,0.640793695983892
135,134,0.6497309969147551
135,136,0.6338639068780079
135,235,0.6434266704207288
136,36,0.624452639610619
136,135,0.6338639068780079
136,137,0.6170529075497615
136,236,0.6270525201181588
137,37,0.6071929689600285
137,136,0.6170529075497615
137,138,0.5993711655635906
137,237,0.6097752584616675
138,38,0.5890944396887149
138,137,0.5993711655635906
138,139,0.5809031725464259
138,238,0.5916728530922952
139,39,0.570248236204643
139,138,0.5809031725464259
139,140,0.5617445493808351
139,239,0.5728343863749115
140,40,0.5507566824867898
140,139,0.5617445493808351
140,141,0.5420017092165159
140,240,0.553359817359194
141,41,0.5307328039387808
141,140,0.5420017092165159
141,142,0.5217913706857735
141,241,0.5333596003385221
142,42,0.510299733284631
142,141,0.5217913706857735
142,143,0.5012399148478444
142,242,0.5129541517794438
143,43,0.48958995582431597
143,142,0.5012399148478444
143,144,0.4804825818068843
143,243,0.4922731595996719
144,44,0.46874439199492013
144,143,0.4804825818068843
144,145,0.45966250567763767
144,244,0.47145473132379906
145,45,0.44791131808270135
145,144,0.45966250567763767
145,146,0.4389295895606896
145,245,0.45064438049832745
146,46,0.4272451290464955
146,145,0.4389295895606896
146,147,0.41843922537646555
146,246,0.4299938538465289
147,47,0.4069049506796478
147,146,0.41843922537646555
147,148,0.39835086672692743
147,247,0.4096598049260778
148,48,0.38705311168562107
148,147,0.39835086672692743
148,149,0.3788264663331955
148,248,0.3898023234479445
149,49,0.36785348959614195
149,148,0.3788264663331955
149,150,0.36002879295867396
149,249,0.3705833328477483
150,50,0.3494697477415471
150,149,0.36002879295867396
150,151,0.34211964599050465
150,250,0.35216487209071345
151,51,0.33206348361068194
151,150,0.34211964599050465
151,152,0.3252579889363576
151,251,0.3347072809564817
152,52,0.31579231183267686
152,151,0.3252579889363576
152,153,0.3095980259188899
152,252,0.3183673111081958
153,53,0.30080790759789133
153,152,0.3095980259188899
153,154,0.2952872477398538
153,253,0.30329618802103164
154,54,0.2872540385373239
154,153,0.2952872477398538
154,155,0.2824644761681322
154,254,0.289637651252202
155,55,0.2752646148321705
155,154,0.2824644761681322
155,156,0.27125793671598875
155,255,0.2775260025065418
156,56,0.26496178856906394
156,155,0.27125793671598875
156,157,0.26178339124918887
156,256,0.26708419242579107
157,57,0.2564541340426736
157,156,0.26178339124918887
157,158,0.2541423622831601
157,257,0.25842197795159116
158,58,0.24983494079737528
158,157,0.2541423622831601
158,159,0.24842048071423267
158,258,0.2516341824387123
159,59,0.24518065066747485
159,158,0.24842048071423267
159,160,0.2446859879999805
159,259,0.24679909039482228
160,60,0.24254946890777138
160,159,0.2446859879999805
160,161,0.24298842242696087
160,260,0.24397700777801729
161,61,0.24198017770364993
161,160,0.24298842242696087
161,162,0.2433575170928059
161,261,0.24320901718892557
162,62,0.24349117792689634
162,161,0.2433575170928059
162,163,0.2458023346019125
162,262,0.24451595506029644
163,63,0.24707978198868247
163,162,0.2458023346019125
163,164,0.25031066026325294
163,263,0.24789763509784207
164,64,0.2527217770769279
164,163,0.25031066026325294
164,165,0.25684867183206006
164,264,0.25333233880001527
165,65,0.26037127400704707
165,164,0.25684867183206006
165,166,0.265360899614296
165,265,0.26077658993346897
166,66,0.269960852430536
166,165,0.265360899614296
166,167,0.2757704861256935
166,266,0.27016522542991794
167,67,0.2814020083136005
167,166,0.2757704861256935
167,168,0.2879797495481894
167,267,0.2814117703754404
168,68,0.2945859045061894
168,167,0.2879797495481894
168,169,0.301871050047143
168,268,0.2944091196716565
169,69,0.3093844199662517
169,168,0.301871050047143
169,170,0.31730795270143153
169,269,0.30903052365476574
170,70,0.3256514878865051
170,169,0.31730795270143153
170,171,0.3341366754590904
170,270,0.3251308695650108
171,71,0.34322470769687213
171,170,0.3341366754590904
171,172,0.3521878052703957
171,271,0.3425482453720248
172,72,0.3619272107920277
172,171,0.3521878052703957
172,173,0.37127826047568807
172,272,0.3611057671893523
173,73,0.38156975496627765
173,172,0.37127826047568807
173,174,0.3912134727428209
173,273,0.38061364646283835
174,74,0.4019530180304558
174,173,0.3912134727428209
174,175,0.4117897574609992
174,274,0.4008714683988387
175,75,0.4228700570353158
175,174,0.4117897574609992
175,176,0.4327968375999339
175,275,0.4216706488108841
176,76,0.44410889602325665
176,175,0.4327968375999339
176,177,0.4540204827234202
176,276,0.4427970328022395
177,77,0.4654552023557256
177,176,0.4540204827234202
177,178,0.4752452221820211
177,277,0.4640335955522489
178,78,0.48669500948632816
178,177,0.4752452221820211
178,179,0.49625708956578723
178,278,0.4851632030110007
179,79,0.5076174426255289
179,178,0.49625708956578723
179,180,0.5168463543264089
179,279,0.5059713885913203
180,80,0.5280174031131646
180,179,0.5168463543264089
180,181,0.5368101961154332
180,280,0.5262491010267555
181,81,0.5476981675055942
181,180,0.5368101961154332
181,182,0.5559552778516805
181,281,0.5457953784708138
182,82,0.5664738584043965
182,181,0.5559552778516805
182,183,0.5741001748305903
182,282,0.5644199046615364
183,83,0.5841717458955957
183,182,0.5741001748305903
183,184,0.5910776193077307
183,283,0.5819454045648476
184,84,0.6006343411078532
184,183,0.5910776193077307
184,185,0.606736522897972
184,284,0.5982098393210113
185,85,0.6157212467937827
185,184,0.606736522897972
185,186,0.6209437427841502
185,285,0.6130683635150037
186,86,0.6293107339333345
186,185,0.6209437427841502
186,187,0.633585562061967
186,286,0.6263950117211164
187,87,0.6413010180798439
187,186,0.633585562061967
187,188,0.6445688594842213
187,287,0.6380840858665155
188,88,0.6516112144320084
188,187,0.6445688594842213
188,189,0.6538219493168986
188,288,0.6480512201352768
189,89,0.6601819563208422
189,188,0.6538219493168986
189,190,0.6612950778802993
189,289,0.6562341057982449
190,90,0.666975667841506
190,189,0.6612950778802993
190,191,0.6669605695089352
190,290,0.662592864398641
191,91,0.6719764876198817
191,190,0.6669605695089352
191,192,0.6708126210057713
191,291,0.6671100640334431
192,92,0.6751898470611327
192,191,0.6708126210057713
192,193,0.6728667500661079
192,292,0.6697903799244824
193,93,0.6766417127575743
193,192,0.6728667500661079
193,194,0.6731589094781967
193,293,0.6706599069451152
194,94,0.6763775089105077
194,193,0.6731589094781967
194,195,0.671744285046046
194,294,0.6697651381308278
195,95,0.6744607415219543
195,194,0.671744285046046
195,196,0.6686958010021773
195,295,0.6671716293291314
196,96,0.6709713516187219
196,195,0.6686958010021773
196,197,0.6641023620671398
196,296,0.6629623759129801
197,97,0.6660038297712594
197,196,0.6641023620671398
197,198,0.658066866159138
197,297,0.6572359327766973
198,98,0.6596651285612922
198,197,0.658066866159138
198,199,0.650704025962173
198,298,0.6501043135466046
199,99,0.6520724133447504
199,198,0.650704025962173
199,299,0.6416907089739409
200,100,0.6919192423793437
200,201,0.6956211973623734
200,300,0.696158633333311
201,101,0.6948028081269833
201,200,0.6956211973623734
201,202,0.6987995854915392
201,301,0.6993069951237452
202,102,0.6980259362554511
202,201,0.6987995854915392
202,203,0.7023002719505098
202,302,0.7027817839293605
203,103,0.7015687936127125
203,202,0.7023002719505098
203,204,0.7060973182682897
203,303,0.706559648189143
204,104,0.7054027306319341
204,203,0.7060973182682897
204,205,0.7101564679058578
204,304,0.7106087493811057
205,105,0.7094909362812958
205,204,0.7101564679058578
205,206,0.7144358530724229
205,305,0.7148894628269165
206,106,0.7137891514142223
206,205,0.7144358530724229
206,207,0.7188867492358036
206,306,0.7193551306663437
207,107,0.718246425600494
207,206,0.7188867492358036
207,208,0.7234543625450625
207,307,0.7239528513348183
208,108,0.7228059035425056
208,207,0.7234543625450625
208,209,0.7280786366066523
208,308,0.7286242910169107
209,109,0.727405628480521
209,208,0.7280786366066523
209,210,0.7326950665333776
209,309,0.7333065039785351
210,110,0.7319793515096453
210,209,0.7326950665333776
210,211,0.7372355098587622
210,310,0.7379327503425035
211,111,0.7364573374090841
211,210,0.7372355098587622
211,212,0.7416289857149538
211,311,0.7424333017026369
212,112,0.7407671593581142
212,211,0.7416289857149538
212,213,0.7458024555453406
212,312,0.7467362269053026
213,113,0.7448344767196104
213,212,0.7458024555453406
213,214,0.7496815804990138
213,313,0.7507681522973233
214,114,0.7485837918485292
214,213,0.7496815804990138
214,215,0.7531914524704612
214,314,0.7544549926801296
215,115,0.7519391835698199
215,214,0.7531914524704612
215,216,0.7562572974451867
215,315,0.7577226510588544
216,116,0.7548250165126564
216,215,0.7562572974451867
216,217,0.7588051513364158
216,316,0.7604976869731708
217,117,0.7571666268362998
217,216,0.7588051513364158
217,218,0.7607625098022531
217,317,0.7627079546915829
218,118,0.758890985995226
218,217,0.7607625098022531
218,219,0.7620589545769955
218,318,0.7642832137972094
219,119,0.7599273450335575
219,218,0.7620589545769955
219,220,0.762626759604059
219,319,0.765155715654013
220,120,0.7602078624466293
220,219,0.762626759604059
220,221,0.7624014807000974
220,320,0.7652607698907061
221,121,0.7596682188859987
221,220,0.7624014807000974
221,222,0.761322532599402
221,321,0.7645372953578577
222,122,0.7582482219085483
222,221,0.761322532599402
222,223,0.7593337570241363
222,322,0.7629283599953697
223,123,0.7558924035863435
223,222,0.7593337570241363
223,224,0.7563839849093338
223,323,0.7603817136966732
224,124,0.7525506131171992
224,223,0.7563839849093338
224,225,0.7524275951018842
224,324,0.7568503175871641
225,125,0.7481786056318973
225,224,0.7524275951018842
225,226,0.7474250707796236
225,325,0.7522928721724272
226,126,0.742738627217044
226,225,0.7474250707796236
226,227,0.7413435535384842
226,326,0.7466743455909465
227,127,0.7361999948048898
227,226,0.7413435535384842
227,228,0.7341573936184904
227,327,0.739966501768992
228,128,0.7285396680722886
228,227,0.7341573936184904
228,229,0.7258486931357359
228,328,0.7321484266724294
229,129,0.7197428088949273
229,228,0.7258486931357359
229,230,0.7164078375147935
229,329,0.7232070491374553
230,130,0.7098033222785847
230,229,0.7164078375147935
230,231,0.7058340086352123
230,330,0.7131376510003964
231,131,0.6987243710974909
231,230,0.7058340086352123
231,232,0.6941356715794926
231,331,0.701944359499165
232,132,0.686518855472404
232,231,0.6941356715794926
232,233,0.6813310253608147
232,332,0.6896406132503534
233,133,0.6732098462782988
233,232,0.6813310253608147
233,234,0.6674484066777251
233,333,0.6762495915800857
234,134,0.6588309611413894
234,233,0.6674484066777251
234,235,0.652526634647363
234,334,0.6618045956650216
235,135,0.6434266704207288
235,234,0.652526634647363
235,236,0.6366152836608797
235,335,0.6463493688795039
236,136,0.6270525201181588
236,235,0.6366152836608797
236,237,0.6197748710300648
236,336,0.6299383429969859
237,137,0.6097752584616675
237,236,0.6197748710300648
237,238,0.6020769459903721
237,337,0.612636796502537
238,138,0.5916728530922952
238,237,0.6020769459903721
238,239,0.5836040669207808
238,338,0.5945209112735532
239,139,0.5728343863749115
239,238,0.5836040669207808
239,240,0.5644496543532703
239,339,0.575677714303104
240,140,0.553359817359194
240,239,0.5644496543532703
240,241,0.5447177084812004
240,340,0.5562048919892227
241,141,0.5333596003385221
241,240,0.5447177084812004
241,242,0.5245223814321924
241,341,0.5362104657970435
242,142,0.5129541517794438
242,241,0.5245223814321924
242,243,0.5039873965312713
242,342,0.5158123198103726
243,143,0.4922731595996719
243,242,0.5039873965312713
243,244,0.48324530911658664
243,343,0.49513757280471093
244,144,0.47145473132379906
244,243,0.48324530911658664
244,245,0.4624366061444889
244,344,0.47432178996279806
245,145,0.45064438049832745
245,244,0.4624366061444889
245,246,0.4417086447841667
245,345,0.4535080321734142
246,146,0.4299938538465289
246,245,0.4417086447841667
246,247,0.42121443339614106
246,346,0.4328457439510316
247,147,0.4096598049260778
247,246,0.42121443339614106
247,248,0.4011112616470949
247,347,0.4124894843254301
248,148,0.3898023234479445
248,247,0.4011112616470949
248,249,0.3815591899624973
248,348,0.39259750850611397
249,149,0.3705833328477483
249,248,0.3815591899624973
249,250,0.36271941197978774
249,349,0.3733302116496064
250,150,0.35216487209071345
250,249,0.36271941197978774
250,251,0.3447525070566905
250,350,0.35484844956700196
251,151,0.3347072809564817
251,250,0.3447525070566905
251,252,0.32781660312831995
251,351,0.3373117546205238
252,152,0.3183673111081958
252,251,0.32781660312831995
252,253,0.31206547321033756
252,352,0.32087646828635497
253,153,0.30329618802103164
253,252,0.31206547321033756
253,254,0.2976465915333798
253,353,0.3056938148230852
254,154,0.289637651252202
254,253,0.2976465915333798
254,255,0.2846991775906116
254,354,0.29190794310051027
255,155,0.2775260025065418
255,254,0.2846991775906116
255,256,0.273352258216344
255,355,0.27965396583712676
256,156,0.26708419242579107
256,255,0.273352258216344
256,257,0.2637227791281933
256,356,0.26905602719880917
257,157,0.25842197795159116
257,256,0.2637227791281933
257,258,0.2559137981071433
257,357,0.26022543086688493
258,158,0.2516341824387123
258,257,0.2559137981071433
258,259,0.25001279211930194
258,358,0.2532588612430391
259,159,0.24679909039482228
259,258,0.25001279211930194
259,260,0.2460901101728591
259,359,0.24823673038477154
260,160,0.24397700777801729
260,259,0.2460901101728591
260,261,0.24419760253998202
260,360,0.24522168253545046
261,161,0.24320901718892557
261,260,0.24419760253998202
261,262,0.2443674551564161
261,361,0.24425728671802258
262,162,0.24451595506029644
262,261,0.2443674551564161
262,263,0.24661125555622604
262,362,0.2453669458065131
263,163,0.24789763509784207
263,262,0.24661125555622604
263,264,0.25091931363460446
263,363,0.24855304779451154
264,164,0.25333233880001527
264,263,0.25091931363460446
264,265,0.2572602569014242
264,364,0.253796381679509
265,165,0.26077658993346897
265,264,0.2572602569014242
265,266,0.26558091574909093
265,365,0.2610558365250386
266,166,0.27016522542991794
266,265,0.26558091574909093
266,267,0.2758065096796649
266,366,0.27026839791120005
267,167,0.2814117703754404
267,266,0.2758065096796649
267,268,0.28784114049890747
267,367,0.28134945121283955
268,168,0.2944091196716565
268,267,0.28784114049890747
268,269,0.3015685932792792
268,368,0.2941933960388587
269,169,0.30903052365476574
269,268,0.3015685932792792
269,270,0.3168534405183451
269,369,0.3086745708204888
270,170,0.3251308695650108
270,269,0.3168534405183451
270,271,0.33354243947794515
270,370,0.32464848105307
271,171,0.3425482453720248
271,270,0.33354243947794515
271,272,0.3514662072909813
271,371,0.341953319182309
272,172,0.3611057671893523
272,271,0.3514662072909813
272,273,0.3704411531765026
272,372,0.36041175869268793
273,173,0.38061364646283835
273,272,0.3704411531765026
273,274,0.39027164211885607
273,373,0.37983299971395007
274,174,0.4008714683988387
274,273,0.39027164211885607
274,275,0.4107523597487235
274,374,0.40001503852102366
275,175,0.4216706488108841
275,274,0.4107523597487235
275,276,0.4316708440131896
275,375,0.42074712876899045
276,176,0.4427970328022395
276,275,0.4316708440131896
276,277,0.45281014563106814
276,376,0.4418123982770602
277,177,0.4640335955522489
277,276,0.45281014563106814
277,278,0.47395157638122853
277,377,0.46299058174460034
278,178,0.4851632030110007
278,277,0.47395157638122853
278,279,0.4948775020365338
278,378,0.48406082702816877
279,179,0.5059713885913203
279,278,0.4948775020365338
279,280,0.5153741352916669
279,379,0.5048045305986506
280,180,0.5262491010267555
280,279,0.5153741352916669
280,281,0.5352342833821361
280,380,0.5250081565853573
281,181,0.5457953784708138
281,280,0.5352342833821361
281,282,0.5542600052806697
281,381,0.5444659934371008
282,182,0.5644199046615364
282,281,0.5542600052806697
282,283,0.5722651343957936
282,382,0.5629828027101307
283,183,0.5819454045648476
283,282,0.5722651343957936
283,284,0.5890776245781282
283,383,0.5803763158334589
284,184,0.5982098393210113
284,283,0.5890776245781282
284,285,0.604541679938043
284,384,0.5964795368900901
285,185,0.6130683635150037
285,284,0.604541679938043
285,286,0.61851963245197
285,385,0.611142812457073
286,186,0.6263950117211164
286,285,0.61851963245197
286,287,0.6308935355256649
286,386,0.6242356333201133
287,187,0.6380840858665155
287,286,0.6308935355256649
287,288,0.6415664465175712
287,387,0.6356481373555318
288,188,0.6480512201352768
288,287,0.6415664465175712
288,289,0.6504633766166232
288,388,0.6452922879742523
289,189,0.6562341057982449
289,288,0.6504633766166232
289,290,0.6575318923165865
289,389,0.65310270815631
290,190,0.662592864398641
290,289,0.6575318923165865
290,291,0.6627423589231487
290,390,0.6590371561653269
291,191,0.6671100640334431
291,290,0.6627423589231487
291,292,0.6660878229521541
291,391,0.6630766354058741
292,192,0.6697903799244824
292,291,0.6660878229521541
292,293,0.6675835368034898
292,392,0.6652251374506635
293,193,0.6706599069451152
293,292,0.6675835368034898
293,294,0.6672661355977465
293,393,0.6655090238919443
294,194,0.6697651381308278
294,293,0.6672661355977465
294,295,0.6651924824139133
294,394,0.6639760592328019
295,195,0.6671716293291314
295,294,0.6651924824139133
295,296,0.6614382042399343
295,395,0.6606941134000512
296,196,0.6629623759129801
296,295,0.6614382042399343
296,297,0.6560959466225378
296,396,0.6557495585045668
297,197,0.6572359327766973
297,296,0.6560959466225378
297,298,0.6492733801641639
297,397,0.6492453900764953
298,198,0.6501043135466046
298,297,0.6492733801641639
298,299,0.6410909965583724
298,398,0.6412991080489807
299,199,0.6416907089739409
299,298,0.6410909965583724
299,399,0.6320403971525743
300,200,0.696158633333311
300,301,0.6998444310946826
300,400,0.7000679764548122
301,201,0.6993069951237452
301,300,0.6998444310946826
301,302,0.7032891935615666
301,401,0.7034938546510748
302,202,0.7027817839293605
302,301,0.7032891935615666
302,303,0.7070411601679936
302,402,0.7072327618406498
303,203,0.706559648189143
303,302,0.7070411601679936
303,304,0.7110710793019588
303,403,0.7112579438216641
304,204,0.7106087493811057
304,303,0.7110710793019588
304,305,0.7153417443021642
304,404,0.7155345084123501
305,205,0.7148894628269165
305,304,0.7153417443021642
305,306,0.7198087404208373
305,405,0.7200201666069115
306,206,0.7193551306663437
306,305,0.7198087404208373
306,307,0.7244212327653584
306,406,0.7246660194770151
307,207,0.7239528513348183
307,306,0.7244212327653584
307,308,0.7291227798066666
307,407,0.7294173745265151
308,208,0.7286242910169107
308,307,0.7291227798066666
308,309,0.7338521583887936
308,408,0.7342145764621224
309,209,0.7333065039785351
309,308,0.7338521583887936
309,310,0.738544187787661
309,409,0.7389938389007256
310,210,0.7379327503425035
310,309,0.738544187787661
310,311,0.7431305421863782
310,410,0.7436880653341543
311,211,0.7424333017026369
311,310,0.7431305421863782
311,312,0.7475405428929857
311,411,0.7482276496487319
312,212,0.7467362269053026
312,311,0.7475405428929857
312,313,0.7517019236572854
312,412,0.7525412485816751
313,213,0.7507681522973233
313,312,0.7517019236572854
313,314,0.7555415644784391
313,413,0.7565565206195923
314,214,0.7544549926801296
314,313,0.7555415644784391
314,315,0.7589861912685228
314,414,0.7602008279375573
315,215,0.7577226510588544
315,314,0.7589861912685228
315,316,0.7619630405868385
315,415,0.7634018999743079
316,216,0.7604976869731708
316,315,0.7619630405868385
316,317,0.7644004903283378
316,416,0.76608845907845
317,217,0.7627079546915829
317,316,0.7644004903283378
317,318,0.7662286586865392
317,417,0.7681908102866313
318,218,0.7642832137972094
318,317,0.7662286586865392
318,319,0.7673799748742269
318,418,0.769641398659117
319,219,0.765155715654013
319,318,0.7673799748742269
319,320,0.7677897259406601
319,419,0.770375338661728
320,220,0.7652607698907061
320,319,0.7677897259406601
320,321,0.7673965845484666
320,420,0.7703309208158463
321,221,0.7645372953578577
321,320,0.7673965845484666
321,322,0.7661431227538255
321,421,0.7694501012208309
322,222,0.7629283599953697
322,321,0.7661431227538255
322,323,0.7639763166679066
322,422,0.7676789795773176
323,223,0.7603817136966732
323,322,0.7639763166679066
323,324,0.7608480463745035
323,423,0.7649682710082694
324,224,0.7568503175871641
324,323,0.7608480463745035
324,325,0.7567155946577072
324,424,0.7612737763010305
325,225,0.7522928721724272
325,324,0.7567155946577072
325,326,0.7515421469837501
325,425,0.7565568542024124
326,226,0.7466743455909465
326,325,0.7515421469837501
326,327,0.7452972938214544
326,426,0.7507848981244106
327,227,0.739966501768992
327,326,0.7452972938214544
327,328,0.7379575348229311
327,427,0.7439318181039292
328,228,0.7321484266724294
328,327,0.7379575348229311
328,329,0.7295067826741488
328,428,0.7359785271571553
329,229,0.7232070491374553
329,328,0.7295067826741488
329,330,0.7199368626230581
329,429,0.726913429335841
330,230,0.7131376510003964
330,329,0.7199368626230581
330,331,0.709248001864349
330,430,0.7167329048914624
331,231,0.701944359499165
331,330,0.709248001864349
331,332,0.6974493011700258
331,431,0.7054417860500308
332,232,0.6896406132503534
332,331,0.6974493011700258
332,333,0.6845591794696244
332,432,0.6930538150628056
333,233,0.6762495915800857
333,332,0.6845591794696244
333,334,0.6706057805673822
333,433,0.6795920744934063
334,234,0.6618045956650216
334,333,0.6706057805673822
334,335,0.6556273298971625
334,434,0.6650893781947547
335,235,0.6463493688795039
335,334,0.6556273298971625
335,336,0.6396724282156101
335,435,0.6495886101809005
336,236,0.6299383429969859
336,335,0.6396724282156101
336,337,0.622800268469458
336,436,0.6331429976641747
337,237,0.612636796502537
337,336,0.622800268469458
337,338,0.6050807617857181
337,437,0.6158163039552347
338,238,0.5945209112735532
338,337,0.6050807617857181
338,339,0.5865945586558765
338,438,0.597682926751431
339,239,0.575677714303104
339,338,0.5865945586558765
339,340,0.5674329519390564
339,439,0.5788278875967057
340,240,0.5562048919892227
340,339,0.5674329519390564
340,341,0.5476976493050658
340,440,0.5593466990020789
341,241,0.5362104657970435
341,340,0.5476976493050658
341,342,0.5275004041752235
341,441,0.5393450968761935
342,242,0.5158123198103726
342,341,0.5275004041752235
342,343,0.5069624960838122
342,442,0.5189386275247013
343,243,0.49513757280471093
343,342,0.5069624960838122
343,344,0.4862140536509224
343,443,0.4982520805176781
344,244,0.47432178996279806
344,343,0.4862140536509224
344,345,0.46539321599172345
344,444,0.47741876116570503
345,245,0.4535080321734142
345,344,0.46539321599172345
345,346,0.4446451313402791
345,445,0.45657959914624974
346,246,0.4328457439510316
346,345,0.4446451313402791
346,347,0.42412079488032056
346,446,0.4358820929300127
347,247,0.4124894843254301
347,346,0.42412079488032056
347,348,0.4039757311844492
347,447,0.4154790930098129
348,248,0.39259750850611397
348,347,0.4039757311844492
348,349,0.38436853019322303
348,448,0.39552743046156025
349,249,0.3733302116496064
349,348,0.38436853019322303
349,350,0.3654592492368206
349,449,0.37618640099025413
350,250,0.35484844956700196
350,349,0.3654592492368206
350,351,0.34740769713083525
350,450,0.3576161182507863
351,251,0.3373117546205238
351,350,0.34740769713083525
351,352,0.3303716197785589
351,451,0.3399757537973248
352,252,0.32087646828635497
352,351,0.3303716197785589
352,353,0.3145048098991027
352,452,0.3234216844186315
353,253,0.3056938148230852
353,352,0.3145048098991027
353,354,0.29995516639021563
353,453,0.3081055707728486
354,254,0.29190794310051027
354,353,0.29995516639021563
354,355,0.28686273134702545
354,454,0.2941723940601414
355,255,0.27965396583712676
355,354,0.28686273134702545
355,356,0.2753577348195919
355,455,0.2817584798857733
356,256,0.26905602719880917
356,355,0.2753577348195919
356,357,0.26555867893750085
356,456,0.27098954039764783
357,257,0.26022543086688493
357,356,0.26555867893750085
357,358,0.25757049400278065
357,457,0.2619787671673236
358,258,0.2532588612430391
358,357,0.25757049400278065
358,359,0.2514827995085087
358,458,0.2548250080691088
359,259,0.24823673038477154
359,358,0.2514827995085087
359,360,0.2473683027473629
359,459,0.2496110615568078
360,260,0.24522168253545046
360,359,0.2473683027473629
360,361,0.24528136671349104
360,460,0.24640212121405672
361,261,0.24425728671802258
361,360,0.24528136671349104
361,362,0.24525677736811957
361,461,0.24524440224811048
362,262,0.2453669458065131
362,361,0.24525677736811957
362,363,0.24730873804479864
362,462,0.2461639797093081
363,263,0.24855304779451154
363,362,0.24730873804479864
363,364,0.25143011583941616
363,463,0.24916586566520182
364,264,0.253796381679509
364,363,0.25143011583941616
364,365,0.25759196130312345
364,464,0.25423334937060216
365,265,0.2610558365250386
365,364,0.25759196130312345
365,366,0.26574331868714773
365,465,0.26132762069828513
366,266,0.27026839791120005
366,365,0.26574331868714773
366,367,0.27581133944437475
366,466,0.27038769278957925
367,267,0.28134945121283955
367,366,0.27581133944437475
367,368,0.2877017067527908
367,467,0.28133063512236756
368,268,0.2941933960388587
368,367,0.2877017067527908
368,369,0.3012993735800683
368,468,0.2940521230604931
369,269,0.3086745708204888
369,368,0.3012993735800683
369,370,0.31646961135521373
369,469,0.30842730453771733
370,270,0.32464848105307
370,369,0.31646961135521373
370,371,0.3330593607574338
370,470,0.32431197894382663
371,271,0.341953319182309
371,370,0.3330593607574338
371,372,0.35089887058401564
371,471,0.3415440776289892
372,272,0.36041175869268793
372,371,0.35089887058401564
372,373,0.36980360523013545
372,472,0.3599454298375963
373,273,0.37983299971395007
373,372,0.36980360523013545
373,374,0.38957639611611766
373,473,0.37932379243872694
374,274,0.40001503852102366
374,373,0.38957639611611766
374,375,0.41000980754129057
374,474,0.39947511665010654
375,275,0.42074712876899045
375,374,0.41000980754129057
375,376,0.43088868303286104
375,475,0.42018602016588386
376,276,0.4418123982770602
376,375,0.43088868303286104
376,377,0.4519928343905924
376,476,0.44123642879955877
377,277,0.46299058174460034
377,376,0.4519928343905924
377,378,0.47309983239154063
377,477,0.46240234803792335
378,278,0.48406082702816877
378,377,0.47309983239154063
378,379,0.49398785559028563
378,478,0.48345872185541516
379,279,0.5048045305986506
379,378,0.49398785559028563
379,380,0.5144385518923409
379,479,0.5041823338341888
380,280,0.5250081565853573
380,379,0.5144385518923409
380,381,0.5342398666403219
380,480,0.5243547041327312
381,281,0.5444659934371008
381,380,0.5342398666403219
381,382,0.5531887908665619
381,481,0.5437649351888488
382,282,0.5629828027101307
382,381,0.5531887908665619
382,383,0.571093984147796
382,482,0.5622124592585211
383,283,0.5803763158334589
383,382,0.571093984147796
383,384,0.587778228145421
383,483,0.5795096419902548
384,284,0.5964795368900901
384,383,0.587778228145421
384,385,0.6030806694091202
384,484,0.5954841982071153
385,285,0.611142812457073
385,384,0.6030806694091202
385,386,0.6168588133252166
385,485,0.6099813788895895
386,286,0.6242356333201133
386,385,0.6168588133252166
386,387,0.6289902351499803
386,486,0.6228658919782212
387,287,0.6356481373555318
387,386,0.6289902351499803
387,388,0.639373978812213
387,487,0.6340235239851273
388,288,0.6452922879742523
388,387,0.639373978812213
388,389,0.6479316195139391
388,488,0.6433624344416597
389,289,0.65310270815631
389,388,0.6479316195139391
389,390,0.6546079720050504
389,489,0.650814100824902
390,290,0.6590371561653269
390,389,0.6546079720050504
390,391,0.6593714326480523
390,490,0.6563338976949321
391,291,0.6630766354058741
391,390,0.6593714326480523
391,392,0.6622139499043835
391,491,0.6599013002236727
392,292,0.6652251374506635
392,391,0.6622139499043835
392,393,0.6631506245391181
392,492,0.6615197089821676
393,293,0.6655090238919443
393,392,0.6631506245391181
393,394,0.6622189475269997
393,493,0.6612158996477404
394,294,0.6639760592328019
394,393,0.6622189475269997
394,395,0.6594776902189398
394,494,0.6590391080638294
395,295,0.6606941134000512
395,394,0.6594776902189398
395,396,0.6550054676646837
395,495,0.6550597677008142
396,296,0.6557495585045668
396,395,0.6550054676646837
396,397,0.6488990019585243
396,496,0.6493679228953939
397,297,0.6492453900764953
397,396,0.6488990019585243
397,398,0.6412711179613121
397,497,0.6420713471633586
398,298,0.6412991080489807
398,397,0.6412711179613121
398,399,0.6322485086431826
398,498,0.6332934012675839
399,299,0.6320403971525743
399,398,0.6322485086431826
399,499,0.6231706704714269
400,300,0.7000679764548122
400,401,0.7037174000112044
400,500,0.7035978803966045
401,301,0.7034938546510748
401,400,0.7037174000112044
401,402,0.707437422930158
401,501,0.7073066782588453
402,302,0.7072327618406498
