u,v,cost
0,1,0.9240234277478168
0,100,0.9277675542199505
1,0,0.9240234277478168
1,2,0.914618466607567
1,101,0.9186562711133983
2,1,0.914618466607567
2,3,0.90493349663616
2,102,0.9092264046153133
3,2,0.90493349663616
3,4,0.8950306317413317
3,103,0.8995420182069792
4,3,0.8950306317413317
4,5,0.8849654920226562
4,104,0.8896607034428277
5,4,0.8849654920226562
5,6,0.874787346143999
5,105,0.8796336728972298
6,5,0.874787346143999
6,7,0.86453936987041
6,106,0.8695059783621419
7,6,0.86453936987041
7,8,0.8542590010644557
7,107,0.8593168352363594
8,7,0.8542590010644557
8,9,0.8439783701368704
8,108,0.8491000324420654
9,8,0.8439783701368704
9,10,0.833724784250155
9,109,0.8388844062007018
10,9,0.833724784250155
10,11,0.8235212434837913
10,110,0.8286943556080466
11,10,0.8235212434837913
11,12,0.8133869676737709
11,111,0.8185503781631719
12,11,0.8133869676737709
12,13,0.803337913710461
12,112,0.8084696042081108
13,12,0.803337913710461
13,14,0.793387264677176
13,113,0.7984663105910494
14,13,0.793387264677176
14,15,0.7835458742844572
14,114,0.7885523957288658
15,14,0.7835458742844572
15,16,0.7738226525381169
15,115,0.7787378005562013
16,15,0.7738226525381169
16,17,0.7642248813992935
16,116,0.7690308625387615
17,16,0.7642248813992935
17,18,0.754758452271149
17,117,0.7594385929204258
18,17,0.754758452271149
18,19,0.745428020392868
18,118,0.7499668705824194
19,18,0.745428020392868
19,20,0.7362370745473208
19,119,0.7406205492290345
20,19,0.7362370745473208
20,21,0.7271879238028658
20,120,0.7314034779865997
21,20,0.7271879238028658
21,22,0.7182816062220195
21,121,0.7223184388186227
22,21,0.7182816062220195
22,23,0.7095177274930154
22,122,0.713367007330586
23,22,0.7095177274930154
23,24,0.7008942401928197
23,123,0.7045493464769954
24,23,0.7008942401928197
24,25,0.6924071767974549
24,124,0.6958639453118293
25,24,0.6924071767974549
25,26,0.6840503515520577
25,125,0.6873073171702742
26,25,0.6840503515520577
26,27,0.6758150478442337
26,126,0.6788736734735135
27,26,0.6758150478442337
27,28,0.6676897087471994
27,127,0.6705545906596143
28,27,0.6676897087471994
28,29,0.6596596488842303
28,128,0.6623386885251064
29,28,0.6596596488842303
29,30,0.6517068056971467
29,129,0.6542113384902153
30,29,0.6517068056971467
30,31,0.6438095475771941
30,130,0.6461544199663978
31,30,0.6438095475771941
31,32,0.6359425551492469
31,131,0.6381461421128775
32,31,0.6359425551492469
32,33,0.6280767903162091
32,132,0.6301609468384781
33,32,0.6280767903162091
33,34,0.6201795655096569
33,133,0.62216950696938
34,33,0.6201795655096569
34,35,0.6122147230073682
34,134,0.6141388311085638
35,34,0.6122147230073682
35,36,0.6041429312318836
35,135,0.6060324839169546
36,35,0.6041429312318836
36,37,0.595922101709752
36,136,0.5978109274183607
37,36,0.595922101709752
37,38,0.5875079269297525
37,137,0.5894319855481036
38,37,0.5875079269297525
38,39,0.5788545357772494
38,138,0.5808514306137452
39,38,0.5788545357772494
39,40,0.5699152596320489
39,139,0.5720236867056536
40,39,0.5699152596320489
40,41,0.5606434986915073
40,140,0.5629026414784547
41,40,0.5606434986915073
41,42,0.5509936747116023
41,141,0.5534425542155921
42,41,0.5509936747116023
42,43,0.5409222532358815
42,142,0.5435990447806024
43,42,0.5409222532358815
43,44,0.5303888155904913
43,143,0.5333301450389973
44,43,0.5303888155904913
44,45,0.5193571585406593
44,144,0.5225973916865161
45,44,0.5193571585406593
45,46,0.5077963975990389
45,145,0.5113669372177989
46,45,0.5077963975990389
46,47,0.49568204860753484
46,146,0.4996106540791735
47,46,0.49568204860753484
47,48,0.48299706142783083
47,147,0.48730720592385224
48,47,0.48299706142783083
48,49,0.4697327794047017
48,148,0.4744430593680341
49,48,0.4697327794047017
49,50,0.45588979872894136
49,149,0.4610134097590235
50,49,0.45588979872894136
50,51,0.44147870292715463
50,150,0.44702299522355693
51,50,0.44147870292715463
51,52,0.4265206494324242
51,151,0.4324867746629947
52,51,0.4265206494324242
52,53,0.4110477875166896
52,152,0.4174304473835337
53,52,0.4110477875166896
53,54,0.39510348975170406
53,153,0.401890794660846
54,53,0.39510348975170406
54,55,0.37874238255606624
54,154,0.3859158266918273
55,54,0.37874238255606624
55,56,0.3620301652138321
55,155,0.36956472202032364
56,55,0.3620301652138321
56,57,0.34504321093709955
56,156,0.35290755056552053
57,56,0.34504321093709955
57,58,0.32786794800272157
57,157,0.33602477574719186
58,57,0.32786794800272157
58,59,0.3106000236262698
58,158,0.3190065357985079
59,58,0.3106000236262698
59,60,0.2933432579433594
59,159,0.3019517090850923
60,59,0.2933432579433594
60,61,0.27620840014497977
60,160,0.2849667730044059
61,60,0.27620840014497977
61,62,0.259311703354153
61,161,0.26816447071597393
62,61,0.259311703354153
62,63,0.24277333913207833
62,162,0.2516623044442472
63,62,0.24277333913207833
63,64,0.22671567646278445
63,163,0.2355808782982925
64,63,0.22671567646278445
64,65,0.21126145359213788
64,164,0.22004211736730392
65,64,0.21126145359213788
65,66,0.1965318741041327
65,165,0.20516739318648125
66,65,0.1965318741041327
66,67,0.18264466102927818
66,166,0.19107558844192257
67,66,0.18264466102927818
67,68,0.1697121045333052
67,167,0.1778811359248233
68,67,0.1697121045333052
68,69,0.15783913977968983
68,168,0.16569206819645776
69,68,0.15783913977968983
69,70,0.14712149186190246
69,169,0.15460811514257103
70,69,0.14712149186190246
70,71,0.13764392424194027
70,170,0.14471888655090637
71,70,0.13764392424194027
71,72,0.12947862590808348
71,171,0.13610217602686303
72,71,0.12947862590808348
72,73,0.12268377049110782
72,172,0.12882242097480612
73,72,0.12268377049110782
73,74,0.11730227788498536
73,173,0.1229293510381479
74,73,0.11730227788498536
74,75,0.11336080555203804
74,174,0.11845685434828754
75,74,0.11336080555203804
75,76,0.11086899271526755
75,175,0.11542208723504388
76,75,0.11086899271526755
76,77,0.10981897612771127
76,176,0.11382484876818168
77,76,0.10981897612771127
77,78,0.11018519114816387
77,177,0.11364723671332383
78,77,0.11018519114816387
78,79,0.11192446654285108
78,178,0.11485359629012502
79,78,0.11192446654285108
79,80,0.1149764158806588
79,179,0.11739076761961009
80,79,0.1149764158806588
80,81,0.11926412270848129
80,180,0.12118863205278922
81,80,0.11926412270848129
81,82,0.12469511100012831
81,181,0.12616095180040762
82,81,0.12469511100012831
82,83,0.13116258678539605
82,182,0.1322064915536165
83,82,0.13116258678539605
83,84,0.13854693150241296
83,183,0.1392104052169419
84,83,0.13854693150241296
84,85,0.1467174225895394
84,184,0.14704586558546628
85,84,0.1467174225895394
85,86,0.1555341522500044
85,185,0.15557590989991466
86,85,0.1555341522500044
86,87,0.16485011128156768
86,186,0.1646554698112186
87,86,0.16485011128156768
87,88,0.17451340145251776
87,187,0.17413355047536289
88,87,0.17451340145251776
88,89,0.18436953719923194
88,188,0.18385552036329456
89,88,0.18436953719923194
89,90,0.19426379547991296
89,189,0.19366547097908093
90,89,0.19426379547991296
90,91,0.20404357148880875
90,190,0.20340860408686637
91,90,0.20404357148880875
91,92,0.21356069764314098
91,191,0.2129336032914832
92,91,0.21356069764314098
92,93,0.222673683811628
92,192,0.22209494691931697
93,92,0.222673683811628
93,94,0.2312498381514959
93,193,0.23075512010797575
94,93,0.2312498381514959
94,95,0.23916723013516342
94,194,0.23878668581989398
95,94,0.23916723013516342
95,96,0.24631646033599347
95,195,0.24607417711310464
96,95,0.24631646033599347
96,97,0.25260220524580645
96,196,0.2525157763814096
97,96,0.25260220524580645
97,98,0.2579445097412047
97,197,0.25802475134956915
98,97,0.2579445097412047
98,99,0.26227980471342816
98,198,0.26253062229532964
99,98,0.26227980471342816
99,199,0.26598004017455473
100,0,0.9277675542199505
100,101,0.9224003975855322
100,200,0.9255568992862631
101,1,0.9186562711133983
101,100,0.9224003975855322
101,102,0.9132642091211447
101,201,0.9167530809514354
102,2,0.9092264046153133
102,101,0.9132642091211447
102,103,0.9038349261861325
102,202,0.9076188043083231
103,3,0.8995420182069792
103,102,0.9038349261861325
103,104,0.8941720899084751
103,203,0.89821531798765
104,4,0.8896607034428277
104,103,0.8941720899084751
104,105,0.8843288843174011
104,204,0.8885975385052457
105,5,0.8796336728972298
105,104,0.8843288843174011
105,106,0.8743523051153728
105,205,0.8788141695645375
106,6,0.8695059783621419
106,105,0.8743523051153728
106,107,0.8642834437280913
106,206,0.8689079456073103
107,7,0.8593168352363594
107,106,0.8642834437280913
107,108,0.8541578666139691
107,207,0.8589159802863653
108,8,0.8491000324420654
108,107,0.8541578666139691
108,109,0.844006068505897
108,208,0.848870198921142
109,9,0.8388844062007018
109,108,0.844006068505897
109,110,0.8338539775585936
109,209,0.8387978329899441
110,10,0.8286943556080466
110,109,0.8338539775585936
110,111,0.8237234902874273
110,210,0.8287219543210573
111,11,0.8185503781631719
111,110,0.8237234902874273
111,112,0.8136330146975117
111,211,0.8186620268655318
112,12,0.8084696042081108
112,111,0.8136330146975117
112,113,0.8035980010886992
112,212,0.8086344547477402
113,13,0.7984663105910494
113,112,0.8035980010886992
113,114,0.7936314416427394
113,213,0.7986531066625954
114,14,0.7885523957288658
114,113,0.7936314416427394
114,115,0.78374432200061
114,214,0.7887297985740327
115,15,0.7787378005562013
115,114,0.78374432200061
115,116,0.7739460105568459
115,215,0.7788747190092311
116,16,0.7690308625387615
116,115,0.7739460105568459
116,117,0.7642445740598939
116,216,0.7690967839677774
117,17,0.7594385929204258
117,116,0.7642445740598939
117,118,0.7546470112316963
117,217,0.7594039114964081
118,18,0.7499668705824194
118,117,0.7546470112316963
118,119,0.7451593994185859
118,218,0.7498032092330886
119,19,0.7406205492290345
119,118,0.7451593994185859
119,120,0.7357869526683134
119,219,0.7403010716090811
120,20,0.7314034779865997
120,119,0.7357869526683134
120,121,0.7265339930023565
120,220,0.7309031868219462
121,21,0.7223184388186227
121,120,0.7265339930023565
121,122,0.7174038399271891
121,221,0.721614457063273
122,22,0.713367007330586
122,121,0.7174038399271891
122,123,0.7083986263145661
122,222,0.7124388387115419
123,23,0.7045493464769954
123,122,0.7083986263145661
123,124,0.699519051596005
123,223,0.7033791121960844
124,24,0.6958639453118293
124,123,0.699519051596005
124,125,0.6907640856846486
124,224,0.6944365939221955
125,25,0.6873073171702742
125,124,0.6907640856846486
125,126,0.6821306390917299
125,225,0.6856108049476837
126,26,0.6788736734735135
126,125,0.6821306390917299
126,127,0.6736132162888939
126,226,0.6768991129551556
127,27,0.6705545906596143
127,126,0.6736132162888939
127,128,0.6652035704375214
127,227,0.6682963654211995
128,28,0.6623386885251064
128,127,0.6652035704375214
128,129,0.6568903781310915
128,228,0.6597945327050501
129,29,0.6542113384902153
129,128,0.6568903781310915
129,130,0.6486589527594665
129,229,0.6513823800407551
130,30,0.6461544199663978
130,129,0.6486589527594665
130,131,0.640491014502081
130,230,0.6430451871078355
131,31,0.6381461421128775
131,130,0.640491014502081
131,132,0.6323645338021087
131,231,0.6347645329801962
132,32,0.6301609468384781
132,131,0.6323645338021087
132,133,0.624253663491649
132,232,0.6265181628301053
133,33,0.62216950696938
133,132,0.624253663491649
133,134,0.6161287725682869
133,233,0.6182799508261432
134,34,0.6141388311085638
134,133,0.6161287725682869
134,135,0.6079565920181502
134,234,0.6100199712569576
135,35,0.6060324839169546
135,134,0.6079565920181502
135,136,0.5997004801034318
135,235,0.6017046870947029
136,36,0.5978109274183607
136,135,0.5997004801034318
136,137,0.5913208112567123
136,236,0.5932972620521444
137,37,0.5894319855481036
137,136,0.5913208112567123
137,138,0.5827754892320964
137,237,0.5847579987638323
138,38,0.5808514306137452
138,137,0.5827754892320964
138,139,0.5740205815421494
138,238,0.5760449021201917
139,39,0.5720236867056536
139,138,0.5740205815421494
139,140,0.5650110685520595
139,239,0.5671143630948136
140,40,0.5629026414784547
140,139,0.5650110685520595
140,141,0.5557016970025395
140,240,0.557921954723873
141,41,0.5534425542155921
141,140,0.5557016970025395
141,142,0.5460479242845921
141,241,0.5484233283176575
142,42,0.5435990447806024
142,141,0.5460479242845921
142,143,0.5360069365837183
142,242,0.5385751946013955
143,43,0.5333301450389973
143,142,0.5360069365837183
143,144,0.5255387211350222
143,243,0.5283363713861844
144,44,0.5225973916865161
144,143,0.5255387211350222
144,145,0.5146071703636557
144,244,0.5176688766452103
145,45,0.5113669372177989
145,144,0.5146071703636557
145,146,0.5031811936979335
145,245,0.5065390435921284
146,46,0.4996106540791735
146,145,0.5031811936979335
146,147,0.4912358113954909
146,246,0.49491863259413704
147,47,0.48730720592385224
147,146,0.4912358113954909
147,148,0.4787532038640555
147,247,0.48278591355727374
148,48,0.4744430593680341
148,147,0.4787532038640555
148,149,0.4657236897223559
148,248,0.47012669183802436
149,49,0.4610134097590235
149,148,0.4657236897223559
149,150,0.4521466062536391
149,249,0.45693525079191477
150,50,0.44702299522355693
150,149,0.4521466062536391
150,151,0.438031066959397
150,250,0.44321518477974964
151,51,0.4324867746629947
151,150,0.438031066959397
151,152,0.42339657261410424
151,251,0.4289800978137626
152,52,0.4174304473835337
152,151,0.42339657261410424
152,153,0.4082734545276901
152,252,0.41425414502181124
153,53,0.401890794660846
153,152,0.4082734545276901
153,154,0.3927031316009692
153,253,0.3990723967053603
154,54,0.3859158266918273
154,153,0.3927031316009692
154,155,0.3767381661560847
154,254,0.38348100791917206
155,55,0.36956472202032364
155,154,0.3767381661560847
155,156,0.3604421073720121
155,255,0.367537180146426
156,56,0.35290755056552053
156,155,0.3604421073720121
156,157,0.34388911537561284
156,256,0.35130890570909357
157,57,0.33602477574719186
157,156,0.34388911537561284
157,158,0.32716336354297826
157,257,0.33487448995546876
158,58,0.3190065357985079
158,157,0.32716336354297826
158,159,0.31035822125733037
158,258,0.3183218509114098
159,59,0.3019517090850923
159,158,0.31035822125733037
159,160,0.2935752241461388
159,259,0.3017476008686077
160,60,0.2849667730044059
160,159,0.2935752241461388
160,161,0.2769228435754001
160,260,0.2852559192066978
161,61,0.26816447071597393
161,160,0.2769228435754001
161,162,0.26051507180606814
161,261,0.2689572304984186
162,62,0.2516623044442472
162,161,0.26051507180606814
162,163,0.24446984361046137
162,262,0.25296670652034803
163,63,0.2355808782982925
163,162,0.24446984361046137
163,164,0.228907319202812
163,263,0.23740261508035693
164,64,0.22004211736730392
164,163,0.228907319202812
164,165,0.21394805696164731
164,264,0.22238454247599204
165,65,0.20516739318648125
165,164,0.21394805696164731
165,166,0.19971110752427113
165,265,0.2080315198217642
166,66,0.19107558844192257
166,165,0.19971110752427113
166,167,0.18631206333746775
166,266,0.19446008634322087
167,67,0.1778811359248233
167,166,0.18631206333746775
167,168,0.17386109958797585
167,267,0.18178232495862184
168,68,0.16569206819645776
168,167,0.17386109958797585
168,169,0.16246104355933896
168,268,0.1701039069946637
169,69,0.15460811514257103
169,168,0.16246104355933896
169,170,0.15220550983157494
169,269,0.15952218366551152
170,70,0.14471888655090637
170,169,0.15220550983157494
170,171,0.14317713833582912
170,270,0.15012436195428452
171,71,0.13610217602686303
171,170,0.14317713833582912
171,172,0.1354459710935857
171,271,0.14198580175977624
172,72,0.12882242097480612
172,171,0.1354459710935857
172,173,0.1290680015218462
172,272,0.13516846961204576
173,73,0.1229293510381479
173,172,0.1290680015218462
173,174,0.12408392750145009
173,273,0.1297195819393084
174,74,0.11845685434828754
174,173,0.12408392750145009
174,175,0.12051813603129338
174,274,0.1256704678227529
175,75,0.11542208723504388
175,174,0.12051813603129338
175,176,0.118377943287958
175,275,0.12303567745918481
176,76,0.11382484876818168
176,175,0.118377943287958
176,177,0.11765310935379424
176,276,0.12181235823251461
177,77,0.11364723671332383
177,176,0.11765310935379424
177,178,0.11831564185528498
177,277,0.1219799154567475
178,78,0.11485359629012502
178,177,0.11831564185528498
178,179,0.12031989736688403
178,278,0.1234999695899546
179,79,0.11739076761961009
179,178,0.12031989736688403
179,180,0.12360298379174052
179,279,0.12631661613564416
180,80,0.12118863205278922
180,179,0.12360298379174052
180,181,0.12808546114471556
180,280,0.1303569886579089
181,81,0.12616095180040762
181,180,0.12808546114471556
181,182,0.1336723323538958
181,281,0.13553211945814078
182,82,0.1322064915536165
182,181,0.1336723323538958
182,183,0.14025430998516236
182,282,0.14173808661561088
183,83,0.1392104052169419
183,182,0.14025430998516236
183,184,0.14770933929999522
183,283,0.14885743040382304
184,84,0.14704586558546628
184,183,0.14770933929999522
184,185,0.15590435289584148
184,284,0.1567608166791879
185,85,0.15557590989991466
185,184,0.15590435289584148
185,186,0.16469722746112886
185,285,0.16530891981340282
186,86,0.1646554698112186
186,185,0.16469722746112886
186,187,0.1739389090050138
186,286,0.17435449321378466
187,87,0.17413355047536289
187,186,0.1739389090050138
187,188,0.18347566938613968
187,287,0.18374459154506226
188,88,0.18385552036329456
188,187,0.18347566938613968
188,189,0.19315145414314355
188,288,0.19332290551806977
189,89,0.19366547097908093
189,188,0.19315145414314355
189,190,0.20281027958603437
189,289,0.20293216761821692
190,90,0.20340860408686637
190,189,0.20281027958603437
190,191,0.21229863588954084
190,290,0.21241658546675113
191,91,0.2129336032914832
191,190,0.21229863588954084
191,192,0.2214678525676592
191,291,0.221624258681291
192,92,0.22209494691931697
192,191,0.2214678525676592
192,193,0.23017638321566472
192,292,0.23040953515176665
193,93,0.23075512010797575
193,192,0.23017638321566472
193,194,0.23829196777637382
193,293,0.2386352635783603
194,94,0.23878668581989398
194,193,0.23829196777637382
194,195,0.2456936327978352
194,294,0.24617490091549643
195,95,0.24607417711310464
195,194,0.2456936327978352
195,196,0.25227349315852077
195,295,0.25291443599819785
196,96,0.2525157763814096
196,195,0.25227349315852077
196,197,0.2579383224851723
196,296,0.25875409404443533
197,97,0.25802475134956915
197,196,0.2579383224851723
197,198,0.26261086390369404
197,297,0.2636097908629356
198,98,0.26253062229532964
198,197,0.26261086390369404
198,199,0.26623085775645616
198,298,0.26741431036846497
199,99,0.26598004017455473
199,198,0.26623085775645616
199,299,0.2701181843202421
200,100,0.9255568992862631
200,201,0.9199095826521663
200,300,0.9224368562701941
201,101,0.9167530809514354
201,200,0.9199095826521663
201,202,0.9111076761386139
201,301,0.9140009641920731
202,102,0.9076188043083231
202,201,0.9111076761386139
202,203,0.9019991961098406
202,302,0.9052228672704676
203,103,0.89821531798765
203,202,0.9019991961098406
203,204,0.8926407665844206
203,303,0.8961606893159687
204,104,0.8885975385052457
204,203,0.8926407665844206
204,205,0.883082823752382
204,304,0.8868663889346018
205,105,0.8788141695645375
205,204,0.883082823752382
205,206,0.8733698100564751
205,305,0.8773859038330734
206,106,0.8689079456073103
206,205,0.8733698100564751
206,207,0.8635404821655843
206,306,0.8677594179295125
207,107,0.8589159802863653
207,206,0.8635404821655843
207,208,0.8536283125935383
207,307,0.8580217317639769
208,108,0.848870198921142
208,207,0.8536283125935383
208,209,0.8436619634051892
208,308,0.8482027150880039
209,109,0.8387978329899441
209,208,0.8436619634051892
209,210,0.8336658097524079
209,309,0.8383278195041926
210,110,0.8287219543210573
210,209,0.8336658097524079
210,211,0.8236604908991618
210,310,0.8284186286368507
211,111,0.8186620268655318
211,210,0.8236604908991618
211,212,0.8136634669157601
211,311,0.8184934235393395
212,112,0.8086344547477402
212,211,0.8136634669157601
212,213,0.8036895603216363
212,312,0.8085677418644617
213,113,0.7986531066625954
213,212,0.8036895603216363
213,214,0.7937514635938887
213,313,0.7986549107079922
214,114,0.7887297985740327
214,213,0.7937514635938887
214,215,0.7838601955826536
214,314,0.7887665349361432
215,115,0.7788747190092311
215,214,0.7838601955826536
215,216,0.7740254924201624
215,315,0.7789129251666538
216,116,0.7690967839677774
216,215,0.7740254924201624
216,217,0.7642561214042916
216,316,0.769103452321179
217,117,0.7594039114964081
217,216,0.7642561214042916
217,218,0.7545601094978005
217,317,0.7593468187254664
218,118,0.7498032092330886
218,217,0.7545601094978005
218,219,0.7449448814235838
218,318,0.7496512390181624
219,119,0.7403010716090811
219,218,0.7449448814235838
219,220,0.7354173057627139
219,319,0.7400245275488457
220,120,0.7309031868219462
220,219,0.7354173057627139
220,221,0.7259836508828627
220,320,0.7304740924080338
221,121,0.721614457063273
221,220,0.7259836508828627
221,222,0.7166494558476257
221,321,0.7210068396431645
222,122,0.7124388387115419
222,221,0.7166494558476257
222,223,0.7074193245930603
222,322,0.7116289944832299
223,123,0.7033791121960844
223,222,0.7074193245930603
223,224,0.6982966545222749
223,323,0.7023458494333665
224,124,0.6944365939221955
224,223,0.6982966545222749
224,225,0.6892833131852306
224,324,0.6931614518278082
225,125,0.6856108049476837
225,224,0.6892833131852306
225,226,0.6803792788111094
225,325,0.6840782457719752
226,126,0.6768991129551556
226,225,0.6803792788111094
226,227,0.6715822620874611
226,326,0.675096685298658
227,127,0.6682963654211995
227,226,0.6715822620874611
227,228,0.6628873276887282
227,327,0.6662148369573562
228,128,0.6597945327050501
228,227,0.6628873276887282
228,229,0.6542865346147138
228,328,0.6574279909106131
229,129,0.6513823800407551
229,228,0.6542865346147138
229,230,0.6457686143891241
229,329,0.6487282999011048
230,130,0.6430451871078355
230,229,0.6457686143891241
230,231,0.6373187055859507
230,330,0.6401044651670262
231,131,0.6347645329801962
231,230,0.6373187055859507
231,232,0.6289181620081927
231,331,0.6315414875244041
232,132,0.6265181628301053
232,231,0.6289181620081927
232,233,0.6205444501645995
232,332,0.6230205004213079
233,133,0.6182799508261432
233,232,0.6205444501645995
233,234,0.6121711495148139
233,333,0.6145186998326391
234,134,0.6100199712569576
234,233,0.6121711495148139
234,235,0.6037680663335103
234,334,0.6060093834509326
235,135,0.6017046870947029
235,234,0.6037680663335103
235,236,0.5953014690434155
235,335,0.5974621087963365
236,136,0.5932972620521444
236,235,0.5953014690434155
236,237,0.5867344495592643
236,336,0.5888429766867588
237,137,0.5847579987638323
237,236,0.5867344495592643
237,238,0.5780274116519275
237,337,0.5801150430555709
238,138,0.5760449021201917
238,237,0.5780274116519275
238,239,0.5691386836728558
238,338,0.5712388584653042
239,139,0.5671143630948136
239,238,0.5691386836728558
239,240,0.560025249266627
239,339,0.5621731309331282
240,140,0.557921954723873
240,239,0.560025249266627
240,241,0.5506435860389909
240,340,0.5528755039525844
241,141,0.5484233283176575
241,240,0.5506435860389909
241,242,0.5409505986344607
241,341,0.5433034379621612
242,142,0.5385751946013955
242,241,0.5409505986344607
242,243,0.5309046294038615
242,342,0.5334151800698093
243,143,0.5283363713861844
243,242,0.5309046294038615
243,244,0.5204665268963725
243,343,0.5231708036848178
244,144,0.5176688766452103
244,243,0.5204665268963725
244,245,0.5096007498736832
244,344,0.5125332969203625
245,145,0.5065390435921284
245,244,0.5096007498736832
245,246,0.49827648248833206
245,345,0.5014696762894035
246,146,0.49491863259413704
246,245,0.49827648248833206
246,247,0.4864687347559199
246,346,0.4899521003916054
247,147,0.48278591355727374
247,246,0.4864687347559199
247,248,0.4741594015312426
247,347,0.4779589570363232
248,148,0.47012669183802436
248,247,0.4741594015312426
248,249,0.46133825290758324
248,348,0.46547589661013916
249,149,0.45693525079191477
249,248,0.46133825290758324
249,250,0.4480038293180253
249,349,0.4524967845066812
250,150,0.44321518477974964
250,249,0.4480038293180253
250,251,0.4341642156341152
250,350,0.43902454610614694
251,151,0.4289800978137626
251,250,0.4341642156341152
251,252,0.4198376702214696
251,351,0.4250718791213473
252,152,0.41425414502181124
252,251,0.4198376702214696
252,253,0.4050530871994814
252,352,0.41066181009977143
253,153,0.3990723967053603
253,252,0.4050530871994814
253,254,0.3898502730235631
253,353,0.39582807445530016
254,154,0.38348100791917206
254,253,0.3898502730235631
254,255,0.3742800219095134
254,354,0.3806153025520819
255,155,0.367537180146426
255,254,0.3742800219095134
255,256,0.3584039784835076
255,355,0.3650789980160484
256,156,0.35130890570909357
256,255,0.3584039784835076
256,257,0.34229428028894954
256,356,0.3492852985332152
257,157,0.33487448995546876
257,256,0.34229428028894954
257,258,0.32603297732390035
257,357,0.33331051382370736
258,158,0.3183218509114098
258,257,0.32603297732390035
258,259,0.3097112305226871
258,358,0.3172404401624195
259,159,0.3017476008686077
259,258,0.3097112305226871
259,260,0.29342829592916664
259,359,0.3011694556501258
260,160,0.2852559192066978
260,259,0.29342829592916664
260,261,0.2772903061297162
260,360,0.2851994053162502
261,161,0.2689572304984186
261,260,0.2772903061297162
261,262,0.26140886521269846
261,361,0.26943828994733815
262,162,0.25296670652034803
262,261,0.26140886521269846
262,263,0.2458994779902436
262,362,0.25399877717405994
263,163,0.23740261508035693
263,262,0.2458994779902436
263,264,0.23087983835353698
263,363,0.2389965577070919
264,164,0.22238454247599204
264,263,0.23087983835353698
264,265,0.21646800533610894
264,364,0.22454857358585223
265,165,0.2080315198217642
265,264,0.21646800533610894
265,266,0.2027804986407139
265,365,0.21077114879818315
266,166,0.19446008634322087
266,265,0.2027804986407139
266,267,0.18993034796437497
266,366,0.19777805555723543
267,167,0.18178232495862184
267,266,0.18993034796437497
267,268,0.1780251323653097
267,367,0.18567855180895032
268,168,0.1701039069946637
268,267,0.1780251323653097
268,269,0.16716504710083627
268,368,0.17457542712750934
269,169,0.15952218366551152
269,268,0.16716504710083627
269,270,0.1574410357882211
269,369,0.16456309498956184
270,170,0.15012436195428452
270,269,0.1574410357882211
270,271,0.1489330253782316
270,370,0.15572576946924527
271,171,0.14198580175977624
271,270,0.1489330253782316
271,272,0.14170830027823633
271,371,0.14813576365016512
272,172,0.13516846961204576
272,271,0.14170830027823633
272,273,0.13582005002950798
272,372,0.14185194550983288
273,173,0.1297195819393084
273,272,0.13582005002950798
273,274,0.13130612226061122
273,373,0.13691838471629855
274,174,0.1256704678227529
274,273,0.13130612226061122
274,275,0.12818800925064433
274,374,0.13336322072264423
275,175,0.12303567745918481
275,274,0.12818800925064433
275,276,0.1264700924037414
275,375,0.13119777880592132
276,176,0.12181235823251461
276,275,0.1264700924037414
276,277,0.12613916433546787
276,376,0.13041595634172407
277,177,0.1219799154567475
277,276,0.12613916433546787
277,278,0.12716424319141711
277,377,0.13099389671696277
278,178,0.1234999695899546
278,277,0.12716424319141711
278,279,0.1294966883587147
278,378,0.13288996295673303
279,179,0.12631661613564416
279,278,0.1294966883587147
279,280,0.13307062100181255
279,379,0.13604501748258951
280,180,0.1303569886579089
280,279,0.13307062100181255
280,281,0.13780364697133413
280,380,0.1403830085431263
281,181,0.13553211945814078
281,280,0.13780364697133413
281,282,0.14359787371985586
281,381,0.14581185788376821
282,182,0.14173808661561088
282,281,0.14359787371985586
282,283,0.15034120703427156
282,382,0.15222463827463958
283,183,0.14885743040382304
283,282,0.15034120703427156
283,284,0.15790890778301572
283,383,0.15950102371750913
284,184,0.1567608166791879
284,283,0.15790890778301572
284,285,0.1661653835967492
284,384,0.16750898962750738
285,185,0.16530891981340282
285,284,0.1661653835967492
285,286,0.17496618556605864
285,385,0.17610673515027442
286,186,0.17435449321378466
286,285,0.17496618556605864
286,287,0.18416017575383314
286,386,0.18514479514098464
287,187,0.18374459154506226
287,286,0.18416017575383314
287,288,0.19359182767699235
287,387,0.1944683052993494
288,188,0.19332290551806977
288,287,0.19359182767699235
288,289,0.2031036189931431
288,388,0.20391938061327405
289,189,0.20293216761821692
289,288,0.2031036189931431
289,290,0.21253847349893368
289,389,0.21333956468873222
290,190,0.21241658546675113
290,289,0.21253847349893368
290,291,0.22174220825850124
290,390,0.22257230579438814
291,191,0.221624258681291
291,290,0.22174220825850124
291,292,0.23056594126539842
291,391,0.2314654145693223
292,192,0.23040953515176665
292,291,0.23056594126539842
292,293,0.23886841551446222
292,392,0.2398734583559542
293,193,0.2386352635783603
293,292,0.23886841551446222
293,294,0.2465181967174829
293,393,0.24766004803403266
294,194,0.24617490091549643
294,293,0.2465181967174829
294,295,0.25339570411585904
294,394,0.25469997503303676
295,195,0.25291443599819785
295,294,0.25339570411585904
295,296,0.25939503688411236
295,395,0.2608811588581318
296,196,0.25875409404443533
296,295,0.25939503688411236
296,297,0.26442556242219867
296,396,0.2661063689297536
297,197,0.2636097908629356
297,296,0.26442556242219867
297,298,0.26841323732770656
297,397,0.2702946887423191
298,198,0.26741431036846497
298,297,0.26841323732770656
298,299,0.2713016369322509
298,398,0.2733826952112549
299,199,0.2701181843202421
299,298,0.2713016369322509
299,399,0.2753253315028794
300,200,0.9224368562701941
300,301,0.916528237810101
300,400,0.9183920386416902
301,201,0.9140009641920731
301,300,0.916528237810101
301,302,0.9081161553239269
301,401,0.910373930108517
302,202,0.9052228672704676
302,301,0.9081161553239269
302,303,0.8993843604765956
302,402,0.9020026792869855
303,203,0.8961606893159687
303,302,0.8993843604765956
303,304,0.8903863116661499
303,403,0.8933330765796949
304,204,0.8868663889346018
304,303,0.8903863116661499
304,305,0.8811694690152931
304,404,0.884413929318107
305,205,0.8773859038330734
305,304,0.8811694690152931
305,306,0.8717755117061108
305,405,0.8752882287051234
306,206,0.8677594179295125
306,305,0.8717755117061108
306,307,0.8622406675279051
306,406,0.8659934378828518
307,207,0.8580217317639769
307,306,0.8622406675279051
307,308,0.8525961342584425
307,407,0.8565618815385827
308,208,0.8482027150880039
308,307,0.8525961342584425
308,309,0.8428685711870072
308,408,0.8470212158460392
309,209,0.8383278195041926
309,308,0.8428685711870072
309,310,0.8330806383886353
309,409,0.8373949565291632
310,210,0.8284186286368507
310,309,0.8330806383886353
310,311,0.8232515612770284
310,410,0.8277030424440084
311,211,0.8184934235393395
311,310,0.8232515612770284
311,312,0.813397698488041
311,411,0.8179624122979103
312,212,0.8085677418644617
312,311,0.813397698488041
312,313,0.8035330922508176
312,412,0.8081875729457944
313,213,0.7986549107079922
313,312,0.8035330922508176
313,314,0.7936699820502467
313,413,0.7983911390891121
314,214,0.7887665349361432
314,313,0.7936699820502467
314,315,0.7838192645201434
314,414,0.7885843261075833
315,215,0.7789129251666538
315,314,0.7838192645201434
315,316,0.7739908850676704
315,415,0.7787773801195332
316,216,0.769103452321179
316,315,0.7739908850676704
316,317,0.7641941496423541
316,416,0.7689799321243195
317,217,0.7593468187254664
317,316,0.7641941496423541
317,318,0.7544379482458285
317,417,0.7592012661520819
318,218,0.7496512390181624
318,317,0.7544379482458285
318,319,0.7447308851434244
318,418,0.7494504946466638
319,219,0.7400245275488457
319,318,0.7447308851434244
319,320,0.7350813141941657
319,419,0.7397366377468839
320,220,0.7304740924080338
320,319,0.7350813141941657
320,321,0.7254972811683357
320,420,0.7300686066162243
321,221,0.7210068396431645
321,320,0.7254972811683357
321,322,0.7159863782787687
321,421,0.720455094407854
322,222,0.7116289944832299
322,321,0.7159863782787687
322,323,0.7065555193235362
322,422,0.710904381748672
323,223,0.7023458494333665
323,322,0.7065555193235362
323,324,0.6972106467389001
323,423,0.70142406669473
324,224,0.6931614518278082
324,323,0.6972106467389001
324,325,0.6879563844145529
324,424,0.692020731868886
325,225,0.6840782457719752
325,324,0.6879563844145529
325,326,0.6787956522595238
325,425,0.6826995638659411
326,226,0.675096685298658
326,325,0.6787956522595238
326,327,0.6697292601685529
326,426,0.6734639419366073
327,227,0.6662148369573562
327,326,0.6697292601685529
327,328,0.660755500179241
327,427,0.6643150143867453
328,228,0.6574279909106131
328,327,0.660755500179241
328,329,0.6518697561970042
328,428,0.6552512820122934
329,229,0.6487282999011048
329,328,0.6518697561970042
329,330,0.6430641506790069
329,429,0.6462682082068523
330,230,0.6401044651670262
330,329,0.6430641506790069
330,331,0.6343272471054795
330,430,0.6373578751159044
331,231,0.6315414875244041
331,330,0.6343272471054795
331,332,0.6256438259375191
331,431,0.6285087043718258
332,232,0.6230205004213079
332,331,0.6256438259375191
332,333,0.6169947500893473
332,432,0.6197052595444592
333,233,0.6145186998326391
333,332,0.6169947500893473
333,334,0.6083569337687578
333,433,0.6109281455146287
334,234,0.6060093834509326
334,333,0.6083569337687578
334,335,0.5997034259137588
334,434,0.602154017567804
335,235,0.5974621087963365
335,334,0.5997034259137588
335,336,0.5910036164396797
335,435,0.5933557101697544
336,236,0.5888429766867588
336,335,0.5910036164396797
336,337,0.5822235701830654
336,436,0.5845024921944656
337,237,0.5801150430555709
337,336,0.5822235701830654
337,338,0.5733264898689476
337,437,0.5755604519052564
338,238,0.5712388584653042
338,337,0.5733264898689476
338,339,0.5642733057255765
338,438,0.5664930113291877
339,239,0.5621731309331282
339,338,0.5642733057255765
339,340,0.5550233856190856
339,439,0.5572615659044595
340,240,0.5528755039525844
340,339,0.5550233856190856
340,341,0.5455353558757547
340,440,0.5478262415160704
341,241,0.5433034379621612
341,340,0.5455353558757547
341,342,0.5357680193975096
341,441,0.5381467573632909
342,242,0.5334151800698093
342,341,0.5357680193975096
342,343,0.5256813543507656
342,442,0.5281833796192286
343,243,0.5231708036848178
343,342,0.5256813543507656
343,344,0.5152375737088079
343,443,0.5178979476402846
344,244,0.5125332969203625
344,343,0.5152375737088079
344,345,0.5044022233360829
344,444,0.5072549516483158
345,245,0.5014696762894035
345,344,0.5044022233360829
345,346,0.49314529419267694
345,445,0.49622263841991093
346,246,0.4899521003916054
346,345,0.49314529419267694
346,347,0.4814423226720087
346,446,0.4847741196445893
347,247,0.4779589570363232
347,346,0.4814423226720087
347,348,0.4692754521152197
347,447,0.47288845631487497
348,248,0.46547589661013916
348,347,0.4692754521152197
348,349,0.45663442820923716
348,448,0.4605516918309708
349,249,0.4524967845066812
349,348,0.45663442820923716
349,350,0.44351750129480283
349,449,0.44775780647195323
350,250,0.43902454610614694
350,349,0.44351750129480283
350,351,0.42993220959337897
350,450,0.4345095665198002
351,251,0.4250718791213473
351,350,0.42993220959337897
351,352,0.4158960189996491
351,451,0.4208192426223091
352,252,0.41066181009977143
352,351,0.4158960189996491
352,353,0.4014367973555901
352,452,0.4067091739305046
353,253,0.39582807445530016
353,352,0.4014367973555901
353,354,0.38659310398381896
353,453,0.3922121571143117
354,254,0.3806153025520819
354,353,0.38659310398381896
354,355,0.37141427865861687
354,454,0.37737164250089145
355,255,0.3650789980160484
355,354,0.37141427865861687
355,356,0.355960318065756
355,455,0.3622417232327286
356,256,0.3492852985332152
356,355,0.355960318065756
356,357,0.340301532067973
356,456,0.34688690743406925
357,257,0.33331051382370736
357,356,0.340301532067973
357,358,0.3245179766622265
357,457,0.33138166781993195
358,258,0.3172404401624195
358,357,0.3245179766622265
358,359,0.30869866528985823
358,458,0.3158097678873709
359,259,0.3011694556501258
359,358,0.30869866528985823
359,360,0.29294056503720933
359,459,0.3002633686921743
360,260,0.2851994053162502
360,359,0.29294056503720933
360,361,0.27734738913387214
360,460,0.2848419251285266
361,261,0.26943828994733815
361,360,0.27734738913387214
361,362,0.26202820190869963
361,461,0.26965088548433314
362,262,0.25399877717405994
362,361,0.26202820190869963
362,363,0.24709585689090824
362,462,0.25480021273030107
363,263,0.2389965577070919
363,362,0.24709585689090824
363,364,0.23266529293940716
363,463,0.24040275040795822
364,264,0.22454857358585223
364,363,0.23266529293940716
364,365,0.21885171704792644
364,464,0.2265724600065721
365,265,0.21077114879818315
365,364,0.21885171704792644
365,366,0.20576870571470468
365,465,0.2134225602642429
366,266,0.19777805555723543
366,365,0.20576870571470468
366,367,0.19352625940181079
366,466,0.20106360180633756
367,267,0.18567855180895032
367,366,0.19352625940181079
367,368,0.18222884657114996
367,467,0.18960151286818963
368,268,0.17457542712750934
368,367,0.18222884657114996
368,369,0.17197347501623492
368,468,0.17913565347505253
369,269,0.16456309498956184
369,368,0.17197347501623492
369,370,0.162847828670586
369,469,0.16975691632162188
370,270,0.15572576946924527
370,369,0.162847828670586
370,371,0.15492850774117878
370,470,0.16154591267319782
371,271,0.14813576365016512
371,370,0.15492850774117878
371,372,0.1482794088817617
371,471,0.15457128088444355
372,272,0.14185194550983288
372,371,0.1482794088817617
372,373,0.14295028019662348
372,472,0.14888815360113677
373,273,0.13691838471629855
373,372,0.14295028019662348
373,374,0.13897548317833153
373,473,0.1445368173940222
374,274,0.13336322072264423
374,373,0.13897548317833153
374,375,0.1363729902779212
374,474,0.14154159550819034
375,275,0.13119777880592132
375,374,0.1363729902779212
375,376,0.13514364274390397
375,475,0.13990998064923338
376,276,0.13041595634172407
376,375,0.13514364274390397
376,377,0.13527068872321896
376,476,0.13963204033751864
377,277,0.13099389671696277
377,376,0.13527068872321896
377,378,0.13671961648227868
377,477,0.1406801124275622
378,278,0.13288996295673303
378,377,0.13671961648227868
378,379,0.13943829208060785
378,478,0.14300880300654042
379,279,0.13604501748258951
379,378,0.13943829208060785
379,380,0.14335740502390332
379,479,0.14655529316138804
380,280,0.1403830085431263
380,379,0.14335740502390332
380,381,0.14839121945556039
380,480,0.15123995515304253
381,281,0.14581185788376821
381,380,0.14839121945556039
381,382,0.15443862243855194
381,481,0.15696727248085834
382,282,0.15222463827463958
382,381,0.15443862243855194
382,383,0.16138445495787712
382,482,0.16362705228532523
383,283,0.15950102371750913
383,382,0.16138445495787712
383,384,0.16910110556200078
383,483,0.17109591264910684
384,284,0.16750898962750738
384,383,0.16910110556200078
384,385,0.1774503411810326
384,484,0.17923902173957598
385,285,0.17610673515027442
385,384,0.1774503411810326
385,386,0.18628534472520042
385,485,0.18791206051041928
386,286,0.18514479514098464
386,385,0.18628534472520042
386,387,0.19545292468650088
386,486,0.19696337595846447
387,287,0.1944683052993494
387,386,0.19545292468650088
387,388,0.20479585823563112
387,487,0.20623628781789313
388,288,0.20391938061327405
388,387,0.20479585823563112
388,389,0.21415532630886316
388,488,0.2155715081591214
389,289,0.21333956468873222
389,388,0.21415532630886316
389,390,0.22337339698418668
389,489,0.2248096307212645
390,290,0.22257230579438814
390,389,0.22337339698418668
390,391,0.23229551210520918
390,490,0.23379364500730349
391,291,0.2314654145693223
391,390,0.23229551210520918
391,392,0.24077293165987806
391,491,0.2423714292545848
392,292,0.2398734583559542
392,391,0.24077293165987806
392,393,0.24866509087552463
392,492,0.2503981763867651
393,293,0.24766004803403266
393,392,0.24866509087552463
393,394,0.2558418263495865
393,493,0.2577387079644585
394,294,0.25469997503303676
394,393,0.2558418263495865
394,395,0.26218542977530945
394,494,0.26426963296924855
395,295,0.2608811588581318
395,394,0.26218542977530945
395,396,0.267592490903773
395,495,0.26988131094886353
396,296,0.2661063689297536
396,395,0.267592490903773
396,397,0.2719754952498741
396,496,0.2744795825711782
397,297,0.2702946887423191
397,396,0.2719754952498741
397,398,0.2752641466258675
397,497,0.27798723491463995
398,298,0.2733826952112549
398,397,0.2752641466258675
398,399,0.2774063897818835
398,498,0.2803451737798398
