u,v,cost
0,1,0.5817611939926207
0,100,0.5822893461296419
1,0,0.5817611939926207
1,2,0.5630952365472988
1,101,0.5634775028958194
2,1,0.5630952365472988
2,3,0.5444069221117744
2,102,0.5444699294738924
3,2,0.5444069221117744
3,4,0.5260507717049532
3,103,0.5256264522447411
4,3,0.5260507717049532
4,5,0.5084009232339924
4,104,0.5073342089348244
5,4,0.5084009232339924
5,6,0.4918397615926022
5,105,0.48999608132841643
6,5,0.4918397615926022
6,7,0.47674520002770915
6,106,0.474017420309213
7,6,0.47674520002770915
7,8,0.4634771263563853
7,107,0.4597915924619601
8,7,0.4634771263563853
8,9,0.4523635929367405
8,108,0.4476849603136973
9,8,0.4523635929367405
9,10,0.44368736727217595
9,109,0.438021962321259
10,9,0.44368736727217595
10,11,0.43767346840453736
10,110,0.4310709807203829
11,10,0.43767346840453736
11,12,0.43447829196185994
11,111,0.4270316737554012
12,11,0.43447829196185994
12,13,0.4341808745334636
12,112,0.4260244037101617
13,12,0.4341808745334636
13,14,0.43677676810623134
13,113,0.4280823153474421
14,13,0.43677676810623134
14,15,0.4421748911522406
14,114,0.43314651421469597
15,14,0.4421748911522406
15,16,0.45019759935643583
15,115,0.4410646655883351
16,15,0.45019759935643583
16,17,0.4605840816290836
16,116,0.45159318858583225
17,16,0.4605840816290836
17,18,0.4729970423617285
17,117,0.46440306303353884
18,17,0.4729970423617285
18,19,0.487032485627828
18,118,0.4790891064362339
19,18,0.487032485627828
19,20,0.5022322780105859
19,119,0.49518242242400184
20,19,0.5022322780105859
20,21,0.5180990404816693
20,120,0.5121655777284844
21,20,0.5180990404816693
21,22,0.5341128121749915
21,121,0.5294899388847674
22,21,0.5341128121749915
22,23,0.5497488450378836
22,122,0.5465944984063482
23,22,0.5497488450378836
23,24,0.5644958321207061
23,123,0.5629254479151438
24,23,0.5644958321207061
24,25,0.5778738463147095
24,124,0.5779557160182973
25,24,0.5778738463147095
25,26,0.5894512718886431
25,125,0.591203683464119
26,25,0.5894512718886431
26,27,0.5988600479757473
26,126,0.6022503175237278
27,26,0.5988600479757473
27,28,0.6058086095632198
27,127,0.6107540302654764
28,27,0.6058086095632198
28,29,0.6100920045359459
28,128,0.6164626585177934
29,28,0.6100920045359459
29,30,0.6115987807385339
29,129,0.619222082575092
30,29,0.6115987807385339
30,31,0.6103143696766659
30,130,0.6189811406486807
31,30,0.6103143696766659
31,32,0.6063208374793985
31,131,0.6157926503602785
32,31,0.6063208374793985
32,33,0.5997930227319785
32,132,0.6098105102872067
33,32,0.5997930227319785
33,34,0.5909912282465262
33,133,0.6012830164982415
34,33,0.5909912282465262
34,35,0.5802507733835891
34,134,0.5905426840401827
35,34,0.5802507733835891
35,36,0.5679688392095581
35,135,0.5779930047158359
36,35,0.5679688392095581
36,37,0.5545891452928036
36,136,0.5640926941997094
37,36,0.5545891452928036
37,38,0.5405850799305219
37,137,0.5493380784940732
38,37,0.5405850799305219
38,39,0.526441961769474
38,138,0.534244338034923
39,38,0.526441961769474
39,40,0.5126391380604243
39,139,0.5193263648444738
40,39,0.5126391380604243
40,41,0.4996326223745388
40,140,0.5050799928446379
41,40,0.4996326223745388
41,42,0.4878389430116111
41,141,0.49196433409077966
42,41,0.4878389430116111
42,43,0.4776208142953544
42,142,0.48038589595710796
43,42,0.4776208142953544
43,44,0.4692751593804475
43,143,0.4706850692042999
44,43,0.4692751593804475
44,45,0.4630239089918408
44,144,0.46312546852560477
45,44,0.4630239089918408
45,46,0.459007880395347
45,145,0.45788648067068394
46,45,0.459007880395347
46,47,0.45728391017120873
46,146,0.45505923634515133
47,46,0.45728391017120873
47,48,0.45782527869642614
47,147,0.4546460769553471
48,47,0.45782527869642614
48,49,0.4605253294112811
48,148,0.4565634422280063
49,48,0.4605253294112811
49,50,0.46520405758434313
49,149,0.46064796595841473
50,49,0.46520405758434313
50,51,0.4716173266559964
50,150,0.466665440397828
51,50,0.4716173266559964
51,52,0.4794682700011847
51,151,0.47432220020483584
52,51,0.4794682700011847
52,53,0.4884203560022498
52,152,0.4832783887278603
53,52,0.4884203560022498
53,54,0.49811153763683025
53,153,0.493162505914847
54,53,0.49811153763683025
54,55,0.5081688763129509
54,154,0.5035866004907077
55,54,0.5081688763129509
55,56,0.5182230242876555
55,155,0.5141614601416007
56,55,0.5182230242876555
56,57,0.5279219704516989
56,156,0.5245111720355637
57,56,0.5279219704516989
57,58,0.5369434992482033
57,157,0.5342864706704717
58,57,0.5369434992482033
58,59,0.5450058797216559
58,158,0.5431763582828146
59,58,0.5450058797216559
59,60,0.5518763879883755
59,159,0.5509175714475211
60,59,0.5518763879883755
60,61,0.5573773678689522
60,160,0.5573015718537606
61,60,0.5573773678689522
61,62,0.5613896465526975
61,161,0.5621788547836726
62,61,0.5613896465526975
62,63,0.563853240127635
62,162,0.5654604904181723
63,62,0.563853240127635
63,64,0.564765402591046
63,163,0.5671169354747967
64,63,0.564765402591046
64,65,0.564176186574249
64,164,0.5671742706572456
65,64,0.564176186574249
65,66,0.5621817897254242
65,165,0.5657081280690001
66,65,0.5621817897254242
66,67,0.5589160531726407
66,166,0.5628356677063344
67,66,0.5589160531726407
67,68,0.5545405540031023
67,167,0.5587060396488631
68,67,0.5545405540031023
68,69,0.5492337892445612
68,168,0.5534898256543467
69,68,0.5492337892445612
69,70,0.5431799822671626
69,169,0.5473679884842868
70,69,0.5431799822671626
70,71,0.536558052609351
70,170,0.5405208683483054
71,70,0.536558052609351
71,72,0.5295312767069065
71,171,0.5331177532594815
72,71,0.5295312767069065
72,73,0.5222381305776717
72,172,0.5253075147177537
73,72,0.5222381305776717
73,74,0.5147847478319899
73,173,0.5172107437875032
74,73,0.5147847478319899
74,75,0.5072393499553072
74,174,0.5089137479506172
75,74,0.5072393499553072
75,76,0.4996289139265756
75,175,0.5004646794610005
76,75,0.4996289139265756
76,77,0.4919382388109871
76,176,0.49187196524164234
77,76,0.4919382388109871
77,78,0.4841114623938187
77,177,0.48310510100631276
78,77,0.4841114623938187
78,79,0.47605596590293636
78,178,0.4740977628466746
79,78,0.47605596590293636
79,80,0.46764849421552346
79,179,0.4647530826467646
80,79,0.46764849421552346
80,81,0.4587432153966979
80,180,0.45495083388249513
81,80,0.4587432153966979
81,82,0.44918135144077576
81,181,0.44455618583582873
82,81,0.44918135144077576
82,83,0.4388019356938533
82,182,0.433429610727192
83,82,0.4388019356938533
83,84,0.4274531950224034
83,183,0.42143747284845123
84,83,0.4274531950224034
84,85,0.4150040189845553
84,184,0.40846279381989087
85,84,0.4150040189845553
85,86,0.4013549658046729
85,185,0.39441567511604114
86,85,0.4013549658046729
86,87,0.3864482666288652
86,186,0.37924286862310785
87,86,0.3864482666288652
87,88,0.3702763251200796
87,187,0.3629360178916512
88,87,0.3702763251200796
88,89,0.3528882676918349
88,188,0.34553814569728913
89,88,0.3528882676918349
89,90,0.3343941783553389
89,189,0.3271480354067387
90,89,0.3343941783553389
90,91,0.3149667481392908
90,190,0.307922241554561
91,90,0.3149667481392908
91,92,0.2948401784221799
91,191,0.2880745653668553
92,91,0.2948401784221799
92,93,0.27430629574534443
92,192,0.26787293957179026
93,92,0.27430629574534443
93,94,0.25370795774963556
93,193,0.24763377917677531
94,93,0.25370795774963556
94,95,0.2334299505482677
94,194,0.2277139662264241
95,94,0.2334299505482677
95,96,0.21388769183353226
95,195,0.20850074212946273
96,95,0.21388769183353226
96,97,0.1955141562336302
96,196,0.1903998763851525
97,96,0.1955141562336302
97,98,0.17874552522805476
97,197,0.17382256125576362
98,97,0.17874552522805476
98,99,0.16400612926927716
98,198,0.159171544484148
99,98,0.16400612926927716
99,199,0.14682705362736304
100,0,0.5822893461296419
100,101,0.5640056550328406
100,200,0.5651487628994885
101,1,0.5634775028958194
101,100,0.5640056550328406
101,102,0.5448521958224131
101,201,0.5458804431662807
102,2,0.5444699294738924
102,101,0.5448521958224131
102,103,0.5256894596068593
102,202,0.5264135193799669
103,3,0.5256264522447411
103,102,0.5256894596068593
103,104,0.5069098894746125
103,203,0.5071432578591344
104,4,0.5073342089348244
104,103,0.5069098894746125
104,105,0.4889293670292484
104,204,0.48849666821884175
105,5,0.48999608132841643
105,104,0.4889293670292484
105,106,0.4721737400450272
105,205,0.4709189566852194
106,6,0.474017420309213
106,105,0.4721737400450272
106,107,0.45706381274346397
106,206,0.45485805290269377
107,7,0.4597915924619601
107,106,0.45706381274346397
107,108,0.44399942641927215
107,207,0.4407478480905283
108,8,0.4476849603136973
108,107,0.44399942641927215
108,109,0.4333433296982159
108,208,0.42899087315595735
109,9,0.438021962321259
109,108,0.4333433296982159
109,110,0.425405575769466
109,209,0.4199412013832339
110,10,0.4310709807203829
110,109,0.425405575769466
110,111,0.4204291860712468
110,210,0.41388837822221236
111,11,0.4270316737554012
111,110,0.4204291860712468
111,112,0.41857778550370295
111,211,0.4110431590543141
112,12,0.4260244037101617
112,111,0.41857778550370295
112,113,0.41992584452414017
112,212,0.4115257751774758
113,13,0.4280823153474421
113,112,0.41992584452414017
113,114,0.4244520614559067
113,213,0.41535735115878436
114,14,0.43314651421469597
114,113,0.4244520614559067
114,115,0.43203628865079047
114,214,0.42245496753315986
115,15,0.4410646655883351
115,114,0.43203628865079047
115,116,0.44246025481773155
115,215,0.43263070758109057
116,16,0.45159318858583225
116,115,0.44246025481773155
116,117,0.45541216999028744
116,216,0.4455948529201938
117,17,0.46440306303353884
117,116,0.45541216999028744
117,118,0.4704951271080442
117,217,0.46096320816723635
118,18,0.4790891064362339
118,117,0.4704951271080442
118,119,0.48723904323240774
118,218,0.47826834877850266
119,19,0.49518242242400184
119,118,0.48723904323240774
119,120,0.5051157221419004
119,219,0.4969744072635989
120,20,0.5121655777284844
120,119,0.5051157221419004
120,121,0.5235564761315825
120,220,0.51649484985387
121,21,0.5294899388847674
121,120,0.5235564761315825
121,122,0.5419716251161241
121,221,0.5362125561902827
122,22,0.5465944984063482
122,121,0.5419716251161241
122,123,0.5597711012836083
122,222,0.5555014053321993
123,23,0.5629254479151438
123,122,0.5597711012836083
123,124,0.576385331812735
123,223,0.5737484975704322
124,24,0.5779557160182973
124,123,0.576385331812735
124,125,0.5912855531677067
124,224,0.5903761066409574
125,25,0.591203683464119
125,124,0.5912855531677067
125,126,0.6040027290992036
125,225,0.6048624626008026
126,26,0.6022503175237278
126,125,0.6040027290992036
126,127,0.614144299813457
126,226,0.6167605115370987
127,27,0.6107540302654764
127,126,0.614144299813457
127,128,0.6214080792200498
127,227,0.6257138822283237
128,28,0.6164626585177934
128,127,0.6214080792200498
128,129,0.6255927365569394
128,228,0.6314694078825682
129,29,0.619222082575092
129,128,0.6255927365569394
129,130,0.6266044424852388
129,229,0.6338856975938147
130,30,0.6189811406486807
130,129,0.6266044424852388
130,131,0.6244594213322934
130,230,0.6329374203508886
131,31,0.6157926503602785
131,130,0.6244594213322934
131,132,0.6192823231680868
131,231,0.6287151465267089
132,32,0.6098105102872067
132,131,0.6192823231680868
132,133,0.6113005040534697
132,232,0.6214207794245589
133,33,0.6012830164982415
133,132,0.6113005040534697
133,134,0.6008344722918979
133,233,0.6113587941572656
134,34,0.5905426840401827
134,133,0.6008344722918979
134,135,0.5882849153724294
134,234,0.5989236746186912
135,35,0.5779930047158359
135,134,0.5882849153724294
135,136,0.5741168597059871
135,235,0.5845840939345612
136,36,0.5640926941997094
136,135,0.5741168597059871
136,137,0.5588416274009791
136,236,0.5688645128849441
137,37,0.5493380784940732
137,136,0.5588416274009791
137,138,0.5429973365984744
137,237,0.5523249689765826
138,38,0.534244338034923
138,137,0.5429973365984744
138,139,0.5271287411099228
138,238,0.5355398922116247
139,39,0.5193263648444738
139,138,0.5271287411099228
139,140,0.5117672196286875
139,239,0.5190768099047272
140,40,0.5050799928446379
140,139,0.5117672196286875
140,141,0.4974117045608788
140,240,0.503475791622885
141,41,0.49196433409077966
141,140,0.4974117045608788
141,142,0.48451128703627655
141,241,0.4892304376561471
142,42,0.48038589595710796
142,141,0.48451128703627655
142,143,0.47345015086605347
142,242,0.47677113319066144
143,43,0.4706850692042999
143,142,0.47345015086605347
143,144,0.4645353783494572
143,243,0.46645117982452355
144,44,0.46312546852560477
144,143,0.4645353783494572
144,145,0.45798804020444783
144,244,0.4585362817463853
145,45,0.45788648067068394
145,144,0.45798804020444783
145,146,0.45393783662048814
145,245,0.45319771223838645
146,46,0.45505923634515133
146,145,0.45393783662048814
146,147,0.4524214031292897
146,246,0.4505093242486149
147,47,0.4546460769553471
147,146,0.4524214031292897
147,148,0.45338424048692727
147,247,0.45044840397269514
148,48,0.4565634422280063
148,147,0.45338424048692727
148,149,0.45668607877514
148,248,0.4529002060028764
149,49,0.46064796595841473
149,148,0.45668607877514
149,150,0.46210934877189963
149,249,0.45766585957303557
150,50,0.466665440397828
150,149,0.46210934877189963
150,151,0.4693703139466674
150,250,0.4644732039849394
151,51,0.47432220020483584
151,150,0.4693703139466674
151,152,0.4781323189315114
151,251,0.47299000272575153
152,52,0.4832783887278603
152,151,0.4781323189315114
152,153,0.48802053864045747
152,252,0.4828389041931517
153,53,0.493162505914847
153,152,0.48802053864045747
153,154,0.4986375687687245
153,253,0.4936134651281567
154,54,0.5035866004907077
154,153,0.4986375687687245
154,155,0.5095791843193574
154,254,0.5048945322071027
155,55,0.5141614601416007
155,154,0.5095791843193574
155,156,0.5204496078895089
155,255,0.5162662877286808
156,56,0.5245111720355637
156,155,0.5204496078895089
156,157,0.5308756722543366
156,256,0.5273313055355662
157,57,0.5342864706704717
157,156,0.5308756722543366
157,158,0.5405193297050832
157,257,0.5377240305469262
158,58,0.5431763582828146
158,157,0.5405193297050832
158,159,0.5490880500086799
158,258,0.547122185750291
159,59,0.5509175714475211
159,158,0.5490880500086799
159,160,0.5563427553129061
159,259,0.5552557195052479
160,60,0.5573015718537606
160,159,0.5563427553129061
160,161,0.562103058768481
160,260,0.5619130281765392
161,61,0.5621788547836726
161,160,0.562103058768481
161,162,0.5662496986491474
161,261,0.5669443186630145
162,62,0.5654604904181723
162,161,0.5662496986491474
162,163,0.568724185765334
162,262,0.570262106406795
163,63,0.5671169354747967
163,162,0.568724185765334
163,164,0.5695258035409965
163,263,0.5718389711670426
164,64,0.5671742706572456
164,163,0.5695258035409965
164,165,0.5687062121519968
164,264,0.5717028098159063
165,65,0.5657081280690001
165,164,0.5687062121519968
165,166,0.5663620060499102
165,265,0.5699299278532477
166,66,0.5628356677063344
166,165,0.5663620060499102
166,167,0.562625654182557
166,266,0.5666363952249783
167,67,0.5587060396488631
167,166,0.562625654182557
167,168,0.5576553113001075
167,267,0.5619681542884436
168,68,0.5534898256543467
168,167,0.5576553113001075
168,169,0.5516240248940723
168,268,0.5560904063569007
169,69,0.5473679884842868
169,168,0.5516240248940723
169,170,0.5447088745654296
169,269,0.5491768172236355
170,70,0.5405208683483054
170,169,0.5447088745654296
170,171,0.5370805689984359
170,270,0.5413990715576683
171,71,0.5331177532594815
171,170,0.5370805689984359
171,172,0.5288939912703289
171,271,0.5329172722692175
172,72,0.5253075147177537
172,171,0.5288939912703289
172,173,0.5202801279275853
172,272,0.523871626018118
173,73,0.5172107437875032
173,172,0.5202801279275853
173,174,0.5113397439061305
173,273,0.5143757829737244
174,74,0.5089137479506172
174,173,0.5113397439061305
174,175,0.5021390774563105
174,274,0.5045121114050239
175,75,0.5004646794610005
175,174,0.5021390774563105
175,176,0.4927077307760672
175,275,0.49432908986501556
176,76,0.49187196524164234
176,175,0.4927077307760672
176,177,0.483038827436968
176,276,0.48384089612867426
177,77,0.48310510100631276
177,176,0.483038827436968
177,178,0.4730914014591686
177,277,0.47302916726142646
178,78,0.4740977628466746
178,177,0.4730914014591686
178,179,0.4627948795905029
178,278,0.4618468037706469
179,79,0.4647530826467646
179,178,0.4627948795905029
179,180,0.45205542231373635
179,279,0.45022359700149694
180,80,0.45495083388249513
180,179,0.45205542231373635
180,181,0.440763804321626
180,280,0.43807337662827944
181,81,0.44455618583582873
181,180,0.440763804321626
181,182,0.42880444512224497
181,281,0.4253023075403761
182,82,0.433429610727192
182,181,0.42880444512224497
182,183,0.41606514788178994
182,282,0.4118179152178033
183,83,0.42143747284845123
183,182,0.41606514788178994
183,184,0.40244707164593874
183,283,0.39753838765315963
184,84,0.40846279381989087
184,183,0.40244707164593874
184,185,0.3878744499513767
184,284,0.3824016909975658
185,85,0.39441567511604114
185,184,0.3878744499513767
185,186,0.3723035779344761
185,285,0.366374045537747
186,86,0.37924286862310785
186,185,0.3723035779344761
186,187,0.35573061988589383
186,286,0.3494573376698764
187,87,0.3629360178916512
187,186,0.35573061988589383
187,188,0.3381978384688607
187,287,0.3316950907585944
188,88,0.34553814569728913
188,187,0.3381978384688607
188,189,0.319797913412193
188,288,0.3131766809811847
189,89,0.3271480354067387
189,188,0.319797913412193
189,190,0.3006760986059608
189,289,0.29403956066832526
190,90,0.307922241554561
190,189,0.3006760986059608
190,191,0.2810300587821254
190,290,0.27446933798120593
191,91,0.2880745653668553
191,190,0.2810300587821254
191,192,0.2611073265164656
191,291,0.2546976543672522
192,92,0.26787293957179026
192,191,0.2611073265164656
192,193,0.24120042300322114
192,292,0.23499789625612008
193,93,0.24763377917677531
193,192,0.24120042300322114
193,194,0.22163978765356385
193,293,0.2156788709734877
194,94,0.2277139662264241
194,193,0.22163978765356385
194,195,0.2027847578076191
194,294,0.19707666502960489
195,95,0.20850074212946273
195,194,0.2027847578076191
195,196,0.18501292668108293
195,295,0.17954498218407844
196,96,0.1903998763851525
196,195,0.18501292668108293
196,197,0.16870828140728591
196,296,0.16344432577002216
197,97,0.17382256125576362
197,196,0.16870828140728591
197,198,0.15424858051185686
197,297,0.14913044194492597
198,98,0.159171544484148
198,197,0.15424858051185686
198,199,0.14199246884223388
198,298,0.13694247568477094
199,99,0.14682705362736304
199,198,0.14199246884223388
199,299,0.1271913079936807
200,100,0.5651487628994885
200,201,0.5470235510329284
200,300,0.5491292446096133
201,101,0.5458804431662807
201,200,0.5470235510329284
201,202,0.5274417667238345
201,301,0.5294686368737582
202,102,0.5264135193799669
202,201,0.5274417667238345
202,203,0.5078673176322421
202,302,0.5096095470456011
203,103,0.5071432578591344
203,202,0.5078673176322421
203,204,0.4887300366033638
203,303,0.48998211324550733
204,104,0.48849666821884175
204,203,0.4887300366033638
204,205,0.4704862578748128
204,304,0.4710518570735371
205,105,0.4709189566852194
205,204,0.4704862578748128
205,206,0.45360326954288593
205,305,0.45330418617122514
206,106,0.45485805290269377
206,205,0.45360326954288593
206,207,0.43854208824975816
206,306,0.4372268017253049
207,107,0.4407478480905283
207,206,0.43854208824975816
207,208,0.4257392948272135
207,307,0.4232907541760308
208,108,0.42899087315595735
208,207,0.4257392948272135
208,209,0.4155887448409754
208,308,0.41193098635769465
209,109,0.4199412013832339
209,208,0.4155887448409754
209,210,0.4084240038359802
209,309,0.4035272589053556
210,110,0.41388837822221236
210,209,0.4084240038359802
210,211,0.40450235120527966
210,310,0.39838636459787147
211,111,0.4110431590543141
211,210,0.40450235120527966
211,212,0.40399114872808695
211,311,0.3967265051825887
212,112,0.4115257751774758
212,211,0.40399114872808695
212,213,0.4069572818121199
212,312,0.39866462723691976
213,113,0.41535735115878436
213,212,0.4069572818121199
213,214,0.41336025723603753
213,313,0.4042073960940321
214,114,0.42245496753315986
214,213,0.41336025723603753
214,215,0.42304938646346
214,314,0.4132463341853277
215,115,0.43263070758109057
215,214,0.42304938646346
215,216,0.4357653056835528
215,315,0.42555746951276974
216,116,0.4455948529201938
216,215,0.4357653056835528
216,217,0.45114589109714265
216,316,0.4408056399668653
217,117,0.46096320816723635
217,216,0.45114589109714265
217,218,0.4687364298376948
217,317,0.4585533894493834
218,118,0.47826834877850266
218,217,0.4687364298376948
218,219,0.4880037128096939
218,318,0.4782741823487724
219,119,0.4969744072635989
219,218,0.4880037128096939
219,220,0.5083535349755685
219,319,0.499369463955988
220,120,0.51649484985387
220,219,0.5083535349755685
220,221,0.5291509299125701
220,320,0.5211889155003879
221,121,0.5362125561902827
221,220,0.5291509299125701
221,222,0.549742336406358
221,321,0.5430531022513851
222,122,0.5555014053321993
222,221,0.549742336406358
222,223,0.5694788016190232
222,322,0.5642775987911226
223,123,0.5737484975704322
223,222,0.5694788016190232
223,224,0.5877392723986548
223,323,0.5841976025837847
224,124,0.5903761066409574
224,223,0.5877392723986548
224,225,0.6039530160740533
224,324,0.6021920188040599
225,125,0.6048624626008026
225,224,0.6039530160740533
225,226,0.6176202450386976
225,325,0.61770601732822
226,126,0.6167605115370987
226,225,0.6176202450386976
226,227,0.6283300939519654
226,326,0.6302711259079542
227,127,0.6257138822283237
227,226,0.6283300939519654
227,228,0.6357752108908421
227,327,0.6395220287582168
228,128,0.6314694078825682
228,227,0.6357752108908421
228,229,0.6397623689194436
228,328,0.6452093820304601
229,129,0.6338856975938147
229,228,0.6397623689194436
229,230,0.6402186754594645
229,329,0.6472081301267937
230,130,0.6329374203508886
230,229,0.6402186754594645
230,231,0.6371931455453042
230,330,0.6455210013808423
231,131,0.6287151465267089
231,230,0.6371931455453042
231,232,0.630853602783181
231,331,0.6402770691655486
232,132,0.6214207794245589
232,231,0.630853602783181
232,233,0.6214790695283547
232,332,0.6317254753524266
233,133,0.6113587941572656
233,232,0.6214790695283547
233,234,0.6094479964840589
233,333,0.6202246175633803
234,134,0.5989236746186912
234,233,0.6094479964840589
234,235,0.595222853180823
234,334,0.6062272905694408
235,135,0.5845840939345612
235,234,0.595222853180823
235,236,0.5793317471135182
235,335,0.5902624371035096
236,136,0.5688645128849441
236,235,0.5793317471135182
236,237,0.5623478544605475
236,336,0.572914297115356
237,137,0.5523249689765826
237,236,0.5623478544605475
237,238,0.5448675245897328
237,337,0.5547998415221791
238,138,0.5355398922116247
238,237,0.5448675245897328
238,239,0.5274879610064289
238,338,0.5365454330172512
239,139,0.5190768099047272
239,238,0.5274879610064289
239,240,0.5107853818989246
239,339,0.5187636706640304
240,140,0.503475791622885
240,239,0.5107853818989246
240,241,0.49529452471815333
240,340,0.5020313469953457
241,141,0.4892304376561471
241,240,0.49529452471815333
241,242,0.48149028381053205
241,341,0.48686937828005455
242,142,0.47677113319066144
242,241,0.48149028381053205
242,243,0.4697721621491316
242,342,0.47372546444586516
243,143,0.46645117982452355
243,242,0.4697721621491316
243,244,0.4604520832214517
243,343,0.4629601003734686
244,144,0.4585362817463853
244,243,0.4604520832214517
244,245,0.4537459537803239
244,344,0.4548364017072155
245,145,0.45319771223838645
245,244,0.4537459537803239
245,246,0.44976919986651315
245,345,0.4495140336998795
246,146,0.4505093242486149
246,245,0.44976919986651315
246,247,0.44853632509202035
246,346,0.4470473492092607
247,147,0.45044840397269514
247,246,0.44853632509202035
247,248,0.4499643694886443
247,347,0.4473876602211767
248,148,0.4529002060028764
248,247,0.4499643694886443
248,249,0.453879986800772
248,348,0.45038939435783404
249,149,0.45766585957303557
249,248,0.453879986800772
249,250,0.46002971478607535
249,349,0.45581973127918296
250,150,0.4644732039849394
250,249,0.46002971478607535
250,251,0.46809289276402355
250,350,0.4633711802631809
251,151,0.47299000272575153
251,250,0.46809289276402355
251,252,0.4776965879873918
251,351,0.47267645487355664
252,152,0.4828389041931517
252,251,0.4776965879873918
252,253,0.48843183068085094
252,352,0.48332492734231525
253,153,0.4936134651281567
253,252,0.48843183068085094
253,254,0.49987042856653485
253,353,0.4948799063617346
254,154,0.5048945322071027
254,253,0.49987042856653485
254,255,0.511581635616426
254,354,0.5068959779958552
255,155,0.5162662877286808
255,254,0.511581635616426
255,256,0.5231479853747381
255,355,0.5189356793545417
256,156,0.5273313055355662
256,255,0.5231479853747381
256,257,0.5341796638281557
256,356,0.5305848359673648
257,157,0.5377240305469262
257,256,0.5341796638281557
257,258,0.5443268865921341
257,357,0.5414659825372901
258,158,0.547122185750291
258,257,0.5443268865921341
258,259,0.5532898552468591
258,358,0.551249397906756
259,159,0.5552557195052479
259,258,0.5532898552468591
259,260,0.560825992368881
259,359,0.5596614127411437
260,160,0.5619130281765392
260,259,0.560825992368881
260,261,0.5667542880710726
260,360,0.566489786190891
261,161,0.5669443186630145
261,260,0.5667542880710726
261,262,0.5709567264206621
261,361,0.5715860889715635
262,162,0.570262106406795
262,261,0.5709567264206621
262,263,0.5733768918085036
262,362,0.5748651683317328
263,163,0.5718389711670426
263,262,0.5733768918085036
263,264,0.5740159774419525
263,363,0.5763018990868765
264,164,0.5717028098159063
264,263,0.5740159774419525
264,265,0.5729265255171573
264,364,0.575925538775552
265,165,0.5699299278532477
265,264,0.5729265255171573
265,266,0.5702043170283158
265,365,0.57381209942966
266,166,0.5666363952249783
266,265,0.5702043170283158
266,267,0.5659788953308651
266,366,0.5700752199057848
267,167,0.5619681542884436
267,266,0.5659788953308651
267,268,0.5604032493452369
267,367,0.5648560688562051
268,168,0.5560904063569007
268,267,0.5604032493452369
268,269,0.5536431986864639
268,368,0.558312828137377
269,169,0.5491768172236355
269,268,0.5536431986864639
269,270,0.5458670142158742
269,369,0.5506102999244222
270,170,0.5413990715576683
270,269,0.5458670142158742
270,271,0.5372357748284498
270,370,0.5419101493794608
271,171,0.5329172722692175
271,270,0.5372357748284498
271,272,0.5278949070170065
271,371,0.5323622408469588
272,172,0.523871626018118
272,271,0.5278949070170065
272,273,0.517967281064257
272,372,0.5220974525810709
273,173,0.5143757829737244
273,272,0.517967281064257
273,274,0.5075481504726178
273,373,0.511222267038651
274,174,0.5045121114050239
274,273,0.5075481504726178
274,275,0.496702123813729
274,374,0.4998153353997522
275,175,0.49432908986501556
275,274,0.496702123813729
275,276,0.48546225521762265
275,375,0.487926111088945
276,176,0.48384089612867426
276,275,0.48546225521762265
276,277,0.4738312359531327
276,376,0.4755755425977696
277,177,0.47302916726142646
277,276,0.4738312359531327
277,278,0.4617845695729047
277,377,0.46275871560770193
278,178,0.4618468037706469
278,277,0.4617845695729047
278,279,0.44927552118164094
278,378,0.4494492426599147
279,179,0.45022359700149694
279,278,0.44927552118164094
279,280,0.43624155131604003
279,379,0.43560511923010264
280,180,0.43807337662827944
280,279,0.43624155131604003
280,281,0.4226118798470295
280,380,0.421175701158232
281,181,0.4253023075403761
281,280,0.4226118798470295
281,282,0.4083157776359345
281,381,0.4061094122606516
282,182,0.4118179152178033
282,281,0.4083157776359345
282,283,0.393291154989173
282,382,0.3903617640493554
283,183,0.39753838765315963
283,282,0.393291154989173
283,284,0.3774930070047868
283,383,0.37390326233858345
284,184,0.3824016909975658
284,283,0.3774930070047868
284,285,0.36090128658393617
284,384,0.35672678779272116
285,185,0.366374045537747
285,284,0.36090128658393617
285,286,0.3435278052731473
285,385,0.3388540679980796
286,186,0.3494573376698764
286,285,0.3435278052731473
286,287,0.32542180854257696
286,386,0.32034090552437783
287,187,0.3316950907585944
287,286,0.32542180854257696
287,288,0.3066739332709184
287,387,0.30128088715577334
288,188,0.3131766809811847
288,287,0.3066739332709184
288,289,0.28741832823731694
288,388,0.2818073710027841
289,189,0.29403956066832526
289,288,0.28741832823731694
289,290,0.26783280004357035
289,389,0.26209362719882007
290,190,0.27446933798120593
290,289,0.26783280004357035
290,291,0.24813693356633273
290,390,0.2423510907923196
291,191,0.2546976543672522
291,290,0.24813693356633273
291,292,0.22858822410690668
291,391,0.22282576868424073
292,192,0.23499789625612008
292,291,0.22858822410690668
292,293,0.20947634422638667
292,392,0.20379292255644044
293,193,0.2156788709734877
293,292,0.20947634422638667
293,294,0.19111574834952877
293,393,0.18555022345783273
294,194,0.19707666502960489
294,293,0.19111574834952877
294,295,0.17383688940606423
294,394,0.16840963819079613
295,195,0.17954498218407844
295,294,0.17383688940606423
295,296,0.15797638127301764
295,395,0.1526883604570543
296,196,0.16344432577002216
296,295,0.15797638127301764
296,297,0.1438664863076622
296,396,0.13869913900010528
297,197,0.14913044194492597
297,296,0.1438664863076622
297,298,0.13182433711784006
297,397,0.12674037942531552
298,198,0.13694247568477094
298,297,0.13182433711784006
298,299,0.12214131483621773
298,398,0.11708640530686679
299,199,0.1271913079936807
299,298,0.12214131483621773
299,399,0.10997825753760432
300,200,0.5491292446096133
300,301,0.5315743304504432
300,400,0.5349408360862313
301,201,0.5294686368737582
301,300,0.5315743304504432
301,302,0.511636417195525
301,401,0.5149661152554069
302,202,0.5096095470456011
302,301,0.511636417195525
302,303,0.49172434265886633
302,402,0.49479494855766604
303,203,0.48998211324550733
303,302,0.49172434265886633
303,304,0.4723039337156807
303,403,0.4748909237385886
304,204,0.4710518570735371
304,303,0.4723039337156807
304,305,0.45386978536994943
304,404,0.4557558059681519
305,205,0.45330418617122514
305,304,0.45386978536994943
305,306,0.4369277183536442
305,405,0.4379121704833991
306,206,0.4372268017253049
306,305,0.4369277183536442
306,307,0.4219754676515776
306,406,0.4218838234650059
307,207,0.4232907541760308
307,306,0.4219754676515776
307,308,0.40948244570651193
307,407,0.4081748537744599
308,208,0.41193098635769465
308,307,0.40948244570651193
308,309,0.39986950042207486
308,408,0.39724825671736497
309,209,0.4035272589053556
309,308,0.39986950042207486
309,310,0.3934896196672469
309,409,0.38950512399866155
310,210,0.39838636459787147
310,309,0.3934896196672469
310,311,0.3906105185751804
310,410,0.3852653981634512
311,211,0.3967265051825887
311,310,0.3906105185751804
311,312,0.3913999836914215
311,411,0.38475114422518797
312,212,0.39866462723691976
312,311,0.3913999836914215
312,313,0.395914741518832
312,412,0.3880731975591612
313,213,0.4042073960940321
313,312,0.395914741518832
313,314,0.4040934730433223
313,413,0.39522190962405723
314,214,0.4132463341853277
314,313,0.4040934730433223
314,315,0.4157544172346374
314,414,0.40606253805234227
315,215,0.42555746951276974
315,314,0.4157544172346374
315,316,0.43059780379608215
315,415,0.42033562342526143
316,216,0.4408056399668653
316,315,0.43059780379608215
316,317,0.44821313831910603
316,416,0.43766247142228615
317,217,0.4585533894493834
317,316,0.44821313831910603
317,318,0.4680911419604611
317,417,0.45755562681056466
318,218,0.4782741823487724
318,317,0.4680911419604611
318,319,0.4896399334950666
318,418,0.4794339961743932
319,219,0.499369463955988
319,318,0.4896399334950666
319,320,0.5122048444808076
319,419,0.502642060522223
320,220,0.5211889155003879
320,319,0.5122048444808076
320,321,0.535091087839203
320,420,0.5264724274219887
321,221,0.5430531022513851
321,320,0.535091087839203
321,322,0.5575883646361499
321,421,0.5501908143840384
322,222,0.5642775987911226
322,321,0.5575883646361499
322,323,0.5789963997558842
322,422,0.5730624384626134
323,223,0.5841976025837847
323,322,0.5789963997558842
323,324,0.5986503489891899
323,423,0.594378717086125
324,224,0.6021920188040599
324,323,0.5986503489891899
324,325,0.6159450200582266
324,424,0.613483165267023
325,225,0.61770601732822
325,324,0.6159450200582266
325,326,0.6303568981974765
325,425,0.629795405456408
326,226,0.6302711259079542
326,325,0.6303568981974765
326,327,0.6414630607142057
326,426,0.6428322868016982
327,227,0.6395220287582168
327,326,0.6414630607142057
327,328,0.6489561998978348
327,427,0.652225236472151
328,228,0.6452093820304601
328,327,0.6489561998978348
328,329,0.65265514323781
328,428,0.6577331309156782
329,229,0.6472081301267937
329,328,0.65265514323781
329,330,0.6525104560481716
329,429,0.6592501714439523
330,230,0.6455210013808423
330,329,0.6525104560481716
330,331,0.6486049250010869
330,430,0.656808467025743
331,231,0.6402770691655486
331,330,0.6486049250010869
331,332,0.6411489417347944
331,431,0.6505752572605236
332,232,0.6317254753524266
332,331,0.6411489417347944
332,333,0.6304710233874522
332,432,0.6408449394257539
333,233,0.6202246175633803
333,332,0.6304710233874522
333,334,0.6170039116487622
333,433,0.628026284552166
334,234,0.6062272905694408
334,333,0.6170039116487622
334,335,0.6012668744921275
334,434,0.6126254286001807
335,235,0.5902624371035096
335,334,0.6012668744921275
335,336,0.5838449871053475
335,435,0.5952253969935558
336,236,0.572914297115356
336,335,0.5838449871053475
336,337,0.5653662841769875
336,436,0.5764630565265627
337,237,0.5547998415221791
337,336,0.5653662841769875
337,338,0.5464777499496974
337,437,0.5570044823556008
338,238,0.5365454330172512
338,337,0.5464777499496974
338,339,0.5278211426748527
338,438,0.5375197758573527
339,239,0.5187636706640304
339,338,0.5278211426748527
339,340,0.5100096357604516
339,439,0.5186583702441743
340,240,0.5020313469953457
340,339,0.5100096357604516
340,341,0.49360620055724697
340,440,0.5010258158751442
341,241,0.48686937828005455
341,340,0.49360620055724697
341,342,0.4791045589153877
341,441,0.4851629492420413
342,242,0.47372546444586516
342,341,0.4791045589153877
342,343,0.4669134026702022
342,442,0.4715282236576957
343,243,0.4629601003734686
343,342,0.4669134026702022
343,344,0.45734441885923244
343,443,0.4604838224193848
344,244,0.4548364017072155
344,343,0.45734441885923244
344,345,0.45060448162677114
344,444,0.4522859946673463
345,245,0.4495140336998795
345,344,0.45060448162677114
345,346,0.44679218304262713
345,445,0.4470798592119717
346,246,0.4470473492092607
346,345,0.44679218304262713
346,347,0.44589868433841706
346,446,0.4448987216148308
347,247,0.4473876602211767
347,346,0.44589868433841706
347,348,0.4478126850903664
347,447,0.44566775411703274
348,248,0.45038939435783404
348,347,0.4478126850903664
348,349,0.45232913883624504
348,448,0.4492117054896066
349,249,0.45581973127918296
349,348,0.45232913883624504
349,350,0.4591611967562885
349,449,0.45526614653355757
350,250,0.4633711802631809
350,349,0.4591611967562885
350,351,0.467954742372714
350,450,0.4634916235433068
351,251,0.47267645487355664
351,350,0.467954742372714
351,352,0.47830479422848005
351,451,0.47348999180035467
352,252,0.48332492734231525
352,351,0.47830479422848005
352,353,0.489773003023199
352,452,0.4848221375843756
353,253,0.4948799063617346
353,352,0.489773003023199
353,354,0.5019054557910549
353,453,0.497026271927384
354,254,0.5068959779958552
354,353,0.5019054557910549
354,355,0.5142500217339708
354,454,0.5096359921735365
355,255,0.5189356793545417
355,354,0.5142500217339708
355,356,0.5263725299471684
355,455,0.5221973563235878
356,256,0.5305848359673648
356,355,0.5263725299471684
356,357,0.5378711546764992
356,456,0.5342842964780914
357,257,0.5414659825372901
357,356,0.5378711546764992
357,358,0.5483884938519119
357,457,0.5455118063768545
358,258,0.551249397906756
358,357,0.5483884938519119
358,359,0.5576209554010405
358,458,0.5555464678785831
359,259,0.5596614127411437
359,358,0.5576209554010405
359,360,0.5653252065631538
359,459,0.5641140252725552
360,260,0.566489786190891
360,359,0.5653252065631538
360,361,0.5713215870913818
360,460,0.571003867191141
361,261,0.5715860889715635
361,360,0.5713215870913818
361,362,0.5754945308826342
361,461,0.5760704261871912
362,262,0.5748651683317328
362,361,0.5754945308826342
362,363,0.5777901756101057
362,462,0.5792316486652855
363,263,0.5763018990868765
363,362,0.5777901756101057
363,364,0.5782114604204759
363,463,0.5804648163760007
364,264,0.575925538775552
364,363,0.5782114604204759
364,365,0.5768111126880547
364,464,0.5798001096039105
365,265,0.57381209942966
365,364,0.5768111126880547
365,366,0.5736830023071291
365,465,0.5773123871792727
366,266,0.5700752199057848
366,365,0.5736830023071291
366,367,0.5689523934311248
366,466,0.5731117165294763
367,267,0.5648560688562051
367,366,0.5689523934311248
367,368,0.5627656476483454
367,467,0.567333216592017
368,268,0.558312828137377
368,367,0.5627656476483454
368,369,0.5552799293753354
368,468,0.5601267774088714
369,269,0.5506102999244222
369,368,0.5552799293753354
369,370,0.5466534350880088
369,469,0.5516471938708416
370,270,0.5419101493794608
370,369,0.5466534350880088
370,371,0.5370366153979698
370,470,0.5420451999022919
371,271,0.5323622408469588
371,370,0.5370366153979698
371,372,0.5265647864110231
371,471,0.5314598169807694
372,272,0.5220974525810709
372,371,0.5265647864110231
372,373,0.5153524385554649
372,472,0.5200123417440694
373,273,0.511222267038651
373,372,0.5153524385554649
373,374,0.5034894519657853
373,473,0.5078021966278445
374,274,0.4998153353997522
374,373,0.5034894519657853
374,375,0.4910393226749682
374,474,0.4949047604102307
375,275,0.487926111088945
375,374,0.4910393226749682
375,376,0.4780393984690919
375,475,0.48137118768078024
376,276,0.4755755425977696
376,375,0.4780393984690919
376,377,0.46450302225233875
376,476,0.4672301228497563
377,277,0.46275871560770193
377,376,0.46450302225233875
377,378,0.4504233886947119
377,477,0.452491120163026
378,278,0.4494492426599147
378,377,0.4504233886947119
378,379,0.43577884070837636
378,478,0.4371495004113083
379,279,0.43560511923010264
379,378,0.43577884070837636
379,380,0.4205392690722946
379,479,0.4211923109089765
380,280,0.421175701158232
380,379,0.4205392690722946
380,381,0.40467323357185403
380,480,0.4046050102024827
381,281,0.4061094122606516
381,380,0.40467323357185403
381,382,0.3881553986740725
381,481,0.3873784741691034
382,282,0.3903617640493554
382,381,0.3881553986740725
382,383,0.3709738713987658
382,482,0.3695159159702478
383,283,0.37390326233858345
383,382,0.3709738713987658
383,384,0.35313704312651784
383,483,0.3510393280257306
384,284,0.35672678779272116
384,383,0.35313704312651784
384,385,0.3346795692068646
384,484,0.3319950881654262
385,285,0.3388540679980796
385,384,0.3346795692068646
385,386,0.3156671682493101
385,485,0.31245842199928797
386,286,0.32034090552437783
386,385,0.3156671682493101
386,387,0.2961999841375742
386,486,0.29253647630511964
387,287,0.30128088715577334
387,386,0.2961999841375742
387,388,0.27641432488763906
387,487,0.2723698303938261
388,288,0.2818073710027841
388,387,0.27641432488763906
388,389,0.25648266996428726
388,488,0.25213235023888747
389,289,0.26209362719882007
389,388,0.25648266996428726
389,390,0.2366119179475693
389,489,0.23202936984071673
390,290,0.2423510907923196
390,389,0.2366119179475693
390,391,0.21703992591022758
390,490,0.21229426213473462
391,291,0.22282576868424073
391,390,0.21703992591022758
391,392,0.19803046713377448
391,491,0.19318353431325228
392,292,0.20379292255644044
392,391,0.19803046713377448
392,393,0.17986680178788653
392,492,0.17497064669788198
393,293,0.18555022345783273
393,392,0.17986680178788653
393,394,0.16284411329910012
393,493,0.15793880777990882
394,294,0.16840963819079613
394,393,0.16284411329910012
394,395,0.14726110924178623
394,494,0.14237303885685587
395,295,0.1526883604570543
395,394,0.14726110924178623
395,396,0.13341111818414195
395,495,0.12855182860545905
396,296,0.13869913900010528
396,395,0.13341111818414195
396,397,0.12157303211775858
396,496,0.11673871038440407
397,297,0.12674037942531552
397,396,0.12157303211775858
397,398,0.11200244761434225
397,497,0.10717409314606327
398,298,0.11708640530686679
398,397,0.11200244761434225
398,399,0.10492334800825337
398,498,0.10006766125315791
399,299,0.10997825753760432
399,398,0.10492334800825337
399,499,0.09559163047835068
400,300,0.5349408360862313
400,401,0.518332620891195
400,500,0.5231905537432966
401,301,0.5149661152554069
