u,v,cost
0,1,0.9489700484909891
0,100,0.953524741667633
1,0,0.9489700484909891
1,2,0.9382454347827084
1,101,0.9431202459683956
2,1,0.9382454347827084
2,3,0.9272054200404928
2,102,0.93235580811396
3,2,0.9272054200404928
3,4,0.915920069228807
3,103,0.92130343516199
4,3,0.915920069228807
4,5,0.9044529642257865
4,104,0.9100287375212217
5,4,0.9044529642257865
5,6,0.8928612504927349
5,105,0.8985909201956694
6,5,0.8928612504927349
6,7,0.8811958095703651
6,106,0.8870429081808273
7,6,0.8811958095703651
7,8,0.8695015388156848
7,107,0.8754315882904644
8,7,0.8695015388156848
8,9,0.857817718135151
8,108,0.8637981477360678
9,8,0.857817718135151
9,10,0.8461784424079508
9,109,0.8521784884125624
10,9,0.8461784424079508
10,11,0.8346130978404059
10,110,0.8406036950835645
11,10,0.8346130978404059
11,12,0.8231468606458796
11,111,0.8291005355125411
12,11,0.8231468606458796
12,13,0.8118011971867758
12,112,0.8176919710427348
13,12,0.8118011971867758
13,14,0.8005943460146531
13,113,0.8063976571642979
14,13,0.8005943460146531
14,15,0.7895417640560919
14,114,0.795234415183196
15,14,0.7895417640560919
15,16,0.7786565214586323
15,115,0.7842166581718328
16,15,0.7786565214586323
16,17,0.7679496322649563
16,116,0.7733567568731147
17,16,0.7679496322649563
17,18,0.7574303110477152
17,117,0.7626653340749046
18,17,0.7574303110477152
18,19,0.7471061488280882
18,118,0.7521514790895798
19,18,0.7471061488280882
19,20,0.7369832049293831
19,119,0.7418228772764497
20,19,0.7369832049293831
20,21,0.7270660147910801
20,120,0.7316858529420058
21,20,0.7270660147910801
21,22,0.7173575170963622
21,121,0.7217453273514217
22,21,0.7173575170963622
22,23,0.7078589067567871
22,122,0.7120046968919307
23,22,0.7078589067567871
23,24,0.6985694232646333
23,123,0.7024656395550237
24,23,0.6985694232646333
24,25,0.6894860865858534
24,124,0.6931278607650253
25,24,0.6894860865858534
25,26,0.6806033950517554
25,125,0.6839887920987872
26,25,0.6806033950517554
26,27,0.671913001552452
26,126,0.6750432585460002
27,26,0.671913001552452
27,28,0.6634033856880097
27,127,0.6662831315936928
28,27,0.6634033856880097
28,29,0.6550595403548432
28,128,0.6576969865354128
29,28,0.6550595403548432
29,30,0.6468626915095246
29,129,0.64926978297217
30,29,0.6468626915095246
30,31,0.638790069548227
30,130,0.6409825874691228
31,30,0.638790069548227
31,32,0.6308147498704005
31,131,0.6328123567544173
32,31,0.6308147498704005
32,33,0.622905578777339
32,132,0.6247317987042755
33,32,0.622905578777339
33,34,0.6150271989214586
33,133,0.6167093266755885
34,33,0.6150271989214586
34,35,0.6071401861151572
34,134,0.6087091205620367
35,34,0.6071401861151572
35,36,0.5992013064861661
35,135,0.6006913053131642
36,35,0.5992013064861661
36,37,0.5911638997975259
36,136,0.5926122546309909
37,36,0.5911638997975259
37,38,0.5829783913122203
37,137,0.5844250242188933
38,37,0.5829783913122203
38,39,0.5745929309603033
38,138,0.5760799153847732
39,38,0.5745929309603033
39,40,0.565954154850802
39,139,0.5675251660837328
40,39,0.565954154850802
40,41,0.5570080604559899
40,140,0.558707762718053
41,40,0.5570080604559899
41,42,0.5477009831772227
41,141,0.5495743622901582
42,41,0.5477009831772227
42,43,0.5379806585737659
42,142,0.5400723109234908
43,42,0.5379806585737659
43,44,0.5277973513899036
43,143,0.5301507414207823
44,43,0.5277973513899036
44,45,0.5171050297365494
44,144,0.5197617295085353
45,44,0.5171050297365494
45,46,0.5058625604493765
45,145,0.5088614858036561
46,45,0.5058625604493765
46,47,0.4940348998243608
46,146,0.49741155840726115
47,46,0.4940348998243608
47,48,0.4815942526805307
47,147,0.48538001944569126
48,47,0.4815942526805307
48,49,0.4685211720628115
48,148,0.4727426078912904
49,48,0.4685211720628115
49,50,0.45480557190539384
49,149,0.4594838006439191
50,49,0.45480557190539384
50,51,0.44044762564348405
50,150,0.44559778416218687
51,50,0.44044762564348405
51,52,0.4254585250887488
51,151,0.43108929990958644
52,51,0.4254585250887488
52,53,0.40986107585584797
52,152,0.41597433851806787
53,52,0.40986107585584797
53,54,0.3936901082134549
53,153,0.4002806598474509
54,53,0.3936901082134549
54,55,0.3769926853875869
54,154,0.3840481189955141
55,54,0.3769926853875869
55,56,0.35982809500848856
55,155,0.36732878173818206
56,55,0.35982809500848856
56,57,0.3422676134925656
56,156,0.35018681678588653
57,56,0.3422676134925656
57,58,0.3243940376046246
57,157,0.33269815655273516
58,57,0.3243940376046246
58,59,0.3063009821601086
58,158,0.3149499227608402
59,58,0.3063009821601086
59,60,0.28809194770190494
59,159,0.2970396180456417
60,59,0.28809194770190494
60,61,0.26987916691613845
60,160,0.2790740896854196
61,60,0.26987916691613845
61,62,0.25178224342773414
61,161,0.26116827654124447
62,61,0.25178224342773414
62,63,0.23392660133049586
62,162,0.2434437551523655
63,62,0.23392660133049586
63,64,0.21644176825101724
63,163,0.2260271055770467
64,63,0.21644176825101724
64,65,0.19945951881824814
64,164,0.20904812189379035
65,64,0.19945951881824814
65,66,0.1831119090150459
65,165,0.19263789618184227
66,65,0.1831119090150459
66,67,0.16752923493751248
66,166,0.17692680818980733
67,66,0.16752923493751248
67,68,0.1528379519062564
67,167,0.1620424556939562
68,67,0.1528379519062564
68,69,0.13915859159760902
68,168,0.14810756267221167
69,68,0.13915859159760902
69,70,0.1266037158432065
69,169,0.1352379038182534
70,69,0.1266037158432065
70,71,0.11527594594974228
70,170,0.12354028455014933
71,70,0.11527594594974228
71,72,0.10526610579998699
71,171,0.1131106155030145
72,71,0.10526610579998699
72,73,0.0966515156112641
72,172,0.10403211952588132
73,72,0.0966515156112641
73,74,0.08949447106547637
73,173,0.09637370743704303
74,73,0.08949447106547637
74,75,0.08384093961945424
74,174,0.09018855625457423
75,74,0.08384093961945424
75,76,0.07971950220615828
75,175,0.08551292035154417
76,75,0.07971950220615828
76,77,0.07714056431182344
76,176,0.08236520204662542
77,76,0.07714056431182344
77,78,0.07609585564133059
77,177,0.08074530360351878
78,77,0.07609585564133059
78,79,0.07655823235629575
78,178,0.08063427756352018
79,78,0.07655823235629575
79,80,0.0784817902905206
79,179,0.08199428687321952
80,79,0.0784817902905206
80,81,0.08180229172706509
80,180,0.08476888050193618
81,80,0.08180229172706509
81,82,0.08643790237787077
81,181,0.08888358428714913
82,81,0.08643790237787077
82,83,0.09229022926184999
82,182,0.09424680072152175
83,82,0.09229022926184999
83,84,0.099245644353063
83,183,0.10075100542602172
84,83,0.099245644353063
84,85,0.10717687328785762
84,184,0.10827422226318972
85,84,0.10717687328785762
85,86,0.11594482319534259
85,185,0.11668175355381644
86,85,0.11594482319534259
86,87,0.12540061895935828
86,186,0.12582813678425472
87,86,0.12540061895935828
87,88,0.13538781303323683
87,187,0.13555929463805066
88,87,0.13538781303323683
88,89,0.14574473040078992
88,188,0.14571484125173972
89,88,0.14574473040078992
89,90,0.15630690748467244
89,189,0.15613050436560383
90,89,0.15630690748467244
90,91,0.1669095818081304
90,190,0.16664062058672452
91,90,0.1669095818081304
91,92,0.17739018806331114
91,191,0.17708065935886164
92,91,0.17739018806331114
92,93,0.18759081595674376
92,192,0.18728973047938904
93,92,0.18759081595674376
93,94,0.19736058580010746
93,193,0.19711303013801995
94,93,0.19736058580010746
94,95,0.2065578992834457
94,194,0.20640418147664535
95,94,0.2065578992834457
95,96,0.2150525251819355
95,195,0.2150274275676385
96,95,0.2150525251819355
96,97,0.22272748286169716
96,196,0.22285963744395307
97,96,0.22272748286169716
97,98,0.22948069030370666
97,197,0.22979208933563142
98,97,0.22948069030370666
98,99,0.23522634788080116
98,198,0.2357319995043983
99,98,0.23522634788080116
99,199,0.2406037699364944
100,0,0.953524741667633
100,101,0.9476749391450396
100,200,0.9516298676558143
101,1,0.9431202459683956
101,100,0.9476749391450396
101,102,0.9372306192996472
101,201,0.941549144146044
102,2,0.93235580811396
102,101,0.9372306192996472
102,103,0.9264538232354571
102,202,0.9310925827622099
103,3,0.92130343516199
103,102,0.9264538232354571
103,104,0.9154121034544047
103,203,0.9203294098351906
104,4,0.9100287375212217
104,103,0.9154121034544047
104,105,0.9041666934911046
104,204,0.9093226238778147
105,5,0.8985909201956694
105,104,0.9041666934911046
105,106,0.8927725778837619
105,205,0.89812901028825
106,6,0.8870429081808273
106,105,0.8927725778837619
106,107,0.8812786869009266
106,206,0.8867992889696547
107,7,0.8754315882904644
107,106,0.8812786869009266
107,108,0.8697281972108475
107,207,0.8753783769626633
108,8,0.8637981477360678
108,107,0.8697281972108475
108,109,0.8581589180134792
108,208,0.8639057462245574
109,9,0.8521784884125624
109,108,0.8581589180134792
109,110,0.8466037410881759
109,209,0.8524158553159766
110,10,0.8406036950835645
110,109,0.8466037410881759
110,111,0.8350911327556996
110,210,0.8409386329935544
111,11,0.8291005355125411
111,110,0.8350911327556996
111,112,0.8236456459093964
111,211,0.8294999915606955
112,12,0.8176919710427348
112,111,0.8236456459093964
112,113,0.8122884310202569
112,212,0.8181223482895421
113,13,0.8063976571642979
113,112,0.8122884310202569
113,114,0.8010377263328408
113,213,0.8068251342709847
114,14,0.795234415183196
114,113,0.8010377263328408
114,115,0.7899093092989369
114,214,0.7956252716382615
115,15,0.7842166581718328
115,114,0.7899093092989369
115,116,0.7789168935863151
115,215,0.7845376021922772
116,16,0.7733567568731147
116,115,0.7789168935863151
116,117,0.768072458683063
116,216,0.773575252970356
117,17,0.7626653340749046
117,116,0.768072458683063
117,118,0.7573865021167692
117,217,0.7627499271719776
118,18,0.7521514790895798
118,117,0.7573865021167692
118,119,0.7468682075379414
118,218,0.7520721120038332
119,19,0.7418228772764497
119,118,0.7468682075379414
119,120,0.7365255252890723
119,219,0.7415511983448966
120,20,0.7316858529420058
120,119,0.7365255252890723
120,121,0.7263651655023473
120,220,0.7311955105684401
121,21,0.7217453273514217
121,120,0.7263651655023473
121,122,0.7163925071469902
121,221,0.7210122482985769
122,22,0.7120046968919307
122,121,0.7163925071469902
122,123,0.7066114296901673
122,222,0.7110073452307348
123,23,0.7024656395550237
123,122,0.7066114296901673
123,124,0.6970240770554157
123,223,0.7011852533180317
124,24,0.6931278607650253
124,123,0.6970240770554157
124,125,0.687630566277959
124,224,0.6915486635330084
125,25,0.6839887920987872
125,124,0.687630566277959
125,126,0.6784286555930319
125,225,0.6820981769779143
126,26,0.6750432585460002
126,125,0.6784286555930319
126,127,0.6694133885872409
126,226,0.6728319422666456
127,27,0.6662831315936928
127,126,0.6694133885872409
127,128,0.6605767324410958
127,227,0.663745276778172
128,28,0.6576969865354128
128,127,0.6605767324410958
128,129,0.6519072291527397
128,228,0.6548302905373229
129,29,0.64926978297217
129,128,0.6519072291527397
129,130,0.6433896789317683
129,229,0.6460755320799025
130,30,0.6409825874691228
130,129,0.6433896789317683
130,131,0.6350048746753132
130,230,0.6374656756849381
131,31,0.6328123567544173
131,130,0.6350048746753132
131,132,0.6267294055882923
131,231,0.6289812688017602
132,32,0.6247317987042755
132,131,0.6267294055882923
132,133,0.6185355466025251
132,232,0.6205985573725343
133,33,0.6167093266755885
133,132,0.6185355466025251
133,134,0.6103912483161666
133,233,0.6122894050753702
134,34,0.6087091205620367
134,133,0.6103912483161666
134,135,0.6022602397600436
134,234,0.6040213203269225
135,35,0.6006913053131642
135,134,0.6022602397600436
135,136,0.5941022534579891
135,235,0.5957576022371829
136,36,0.5926122546309909
136,135,0.5941022534579891
136,137,0.5858733790523583
136,236,0.5874576136659834
137,37,0.5844250242188933
137,136,0.5858733790523583
137,138,0.5775265482914462
137,237,0.5790771861639132
138,38,0.5760799153847732
138,137,0.5775265482914462
138,139,0.5690121505082028
138,238,0.5705691579723882
139,39,0.5675251660837328
139,138,0.5690121505082028
139,140,0.5602787739509837
139,239,0.5618840424977491
140,40,0.558707762718053
140,139,0.5602787739509837
140,141,0.5512740645522212
140,240,0.5529708208567705
141,41,0.5495743622901582
141,140,0.5512740645522212
141,142,0.5419456900364263
141,241,0.5437778483125439
142,42,0.5400723109234908
142,141,0.5419456900364263
142,143,0.5322423937705072
142,242,0.5342538607776678
143,43,0.5301507414207823
143,142,0.5322423937705072
143,144,0.522115119539414
143,243,0.5243490641510137
144,44,0.5197617295085353
144,143,0.522115119539414
144,145,0.511518185575642
144,244,0.5140162861660682
145,45,0.5088614858036561
145,144,0.511518185575642
145,146,0.5004104837615407
145,245,0.5032121677472439
146,46,0.49741155840726115
146,145,0.5004104837615407
146,147,0.4887566780285917
146,246,0.4918983686714756
147,47,0.48538001944569126
147,146,0.4887566780285917
147,148,0.47652837465645104
147,247,0.4800427606812178
148,48,0.4727426078912904
148,147,0.47652837465645104
148,149,0.463705236472398
148,248,0.4676205801448784
149,49,0.4594838006439191
149,148,0.463705236472398
149,150,0.4502760129007122
149,249,0.4546155119515374
150,50,0.44559778416218687
150,149,0.4502760129007122
150,151,0.43623945842828926
150,250,0.441020676583672
151,51,0.43108929990958644
151,150,0.43623945842828926
151,152,0.4216051133389055
151,251,0.426839493244373
152,52,0.41597433851806787
152,151,0.4216051133389055
152,153,0.4063939225096708
152,252,0.41208639351830184
153,53,0.4002806598474509
153,152,0.4063939225096708
153,154,0.39063867062951013
153,253,0.39678736229667755
154,54,0.3840481189955141
154,153,0.39063867062951013
154,155,0.3743842153461092
154,254,0.38098028555872204
155,55,0.36732878173818206
155,154,0.3743842153461092
155,156,0.35768750351558
155,255,0.36471508802322705
156,56,0.35018681678588653
156,155,0.35768750351558
156,157,0.34061735984605607
156,256,0.34805364759845775
157,57,0.33269815655273516
157,156,0.34061735984605607
157,158,0.3232540417089508
157,257,0.33106947788822866
158,58,0.3149499227608402
158,157,0.3232540417089508
158,159,0.30568855864637334
158,258,0.3138471746676317
159,59,0.2970396180456417
159,158,0.30568855864637334
159,160,0.28802176002915636
159,259,0.2964816271256027
160,60,0.2790740896854196
160,159,0.28802176002915636
160,161,0.27036319931052555
160,260,0.2790769996785194
161,61,0.26116827654124447
161,160,0.27036319931052555
161,162,0.2528297882658758
161,261,0.26174549518007484
162,62,0.2434437551523655
162,161,0.2528297882658758
162,163,0.23554425939891632
162,262,0.2446059152764084
163,63,0.2260271055770467
163,162,0.23554425939891632
163,164,0.2186334592198198
163,263,0.22778203837096583
164,64,0.20904812189379035
164,163,0.2186334592198198
164,165,0.20222649925738445
164,264,0.2114008400627049
165,65,0.19263789618184227
165,164,0.20222649925738445
165,166,0.1864527953566037
165,265,0.19559058490137488
166,66,0.17692680818980733
166,165,0.1864527953566037
166,167,0.17144002894625104
166,266,0.1804788217696602
167,67,0.1620424556939562
167,166,0.17144002894625104
167,168,0.15731206645991147
167,267,0.16619031806884516
168,68,0.14810756267221167
168,167,0.15731206645991147
168,169,0.14418687489285603
168,268,0.152844970079211
169,69,0.1352379038182534
169,168,0.14418687489285603
169,170,0.1321744725251962
169,269,0.14055572832899343
170,70,0.12354028455014933
170,169,0.1321744725251962
170,171,0.12137495410342156
170,270,0.12942657749213
171,71,0.1131106155030145
171,170,0.12137495410342156
171,172,0.11187662922890883
171,271,0.11955061021699327
172,72,0.10403211952588132
172,171,0.11187662922890883
172,173,0.10375431135166024
172,272,0.11100823335494048
173,73,0.09637370743704303
173,172,0.10375431135166024
173,174,0.09706779262614089
173,273,0.10386554331511791
174,74,0.09018855625457423
174,173,0.09706779262614089
174,175,0.09186053698666416
174,274,0.09817290474474479
175,75,0.08551292035154417
175,174,0.09186053698666416
175,176,0.08815862019201134
175,275,0.09396376346308141
176,76,0.08236520204662542
176,175,0.08815862019201134
176,177,0.08596994133832078
176,276,0.09125372062030218
177,77,0.08074530360351878
177,176,0.08596994133832078
177,178,0.08528372552570837
177,277,0.09003989048247404
178,78,0.08063427756352018
178,177,0.08528372552570837
178,179,0.08607033208044396
178,278,0.09030055914788204
179,79,0.08199428687321952
179,178,0.08607033208044396
179,180,0.0882813770846351
179,279,0.09199515597713863
180,80,0.08476888050193618
180,179,0.0882813770846351
180,181,0.09185017306202022
180,280,0.09506454367927547
181,81,0.08888358428714913
181,180,0.09185017306202022
181,182,0.0966924826308001
181,281,0.09943162695552663
182,82,0.09424680072152175
182,181,0.0966924826308001
182,183,0.1027075768856935
182,282,0.10500227348440394
183,83,0.10075100542602172
183,182,0.1027075768856935
183,184,0.10977958333614846
183,283,0.11166653496147491
184,84,0.10827422226318972
184,183,0.10977958333614846
184,185,0.11777910252914854
184,284,0.11930015001059194
185,85,0.11668175355381644
185,184,0.11777910252914854
185,186,0.12656506714272855
185,285,0.12776630518333928
186,86,0.12582813678425472
186,185,0.12656506714272855
186,187,0.1359868124629471
186,286,0.1369176250780899
187,87,0.13555929463805066
187,186,0.1359868124629471
187,188,0.14588632285655356
187,287,0.14659835794957024
188,88,0.14571484125173972
188,187,0.14588632285655356
188,189,0.15610061521655366
188,288,0.15664671914419115
189,89,0.15613050436560383
189,188,0.15610061521655366
189,190,0.16646421746765594
189,289,0.16689735137346934
190,90,0.16664062058672452
190,189,0.16646421746765594
190,191,0.17681169813745576
190,290,0.17718385830097852
191,91,0.17708065935886164
191,190,0.17681169813745576
191,192,0.18698020177493954
191,291,0.18734136622500816
192,92,0.18728973047938904
192,191,0.18698020177493954
192,193,0.1968119446606652
192,292,0.1972090678296572
193,93,0.19711303013801995
193,192,0.1968119446606652
193,194,0.20615662581455785
193,293,0.20663270207359125
194,94,0.20640418147664535
194,193,0.20615662581455785
194,195,0.21487370976083817
194,294,0.21546692529129538
195,95,0.2150274275676385
195,194,0.21487370976083817
195,196,0.2228345398296561
195,295,0.22357753048087894
196,96,0.22285963744395307
196,195,0.2228345398296561
196,197,0.22992424391788732
196,296,0.23084347451079962
197,97,0.22979208933563142
197,196,0.22992424391788732
197,198,0.23604339853632306
197,297,0.23715867654310008
198,98,0.2357319995043983
198,197,0.23604339853632306
198,199,0.24110942156009152
198,298,0.2424335552732984
199,99,0.2406037699364944
199,198,0.24110942156009152
199,299,0.2465962775421197
200,100,0.9516298676558143
200,201,0.9455040726568185
200,300,0.9488135588173913
201,101,0.941549144146044
201,200,0.9455040726568185
201,202,0.9354111076086065
201,301,0.93912274025647
202,102,0.9310925827622099
202,201,0.9354111076086065
202,203,0.9249681693619434
202,302,0.9290403166270873
203,103,0.9203294098351906
203,202,0.9249681693619434
203,204,0.9142399302586007
203,303,0.918632397862649
204,104,0.9093226238778147
204,203,0.9142399302586007
204,205,0.9032849406749601
204,304,0.9079590621423499
205,105,0.89812901028825
205,204,0.9032849406749601
205,206,0.8921557213741429
205,305,0.8970743928998368
206,106,0.8867992889696547
206,205,0.8921557213741429
206,207,0.8808989790313914
206,306,0.8860266470610498
207,107,0.8753783769626633
207,206,0.8808989790313914
207,208,0.8695559259763733
207,307,0.8748585365118842
208,108,0.8639057462245574
208,207,0.8695559259763733
208,209,0.8581626835270548
208,308,0.8636076028328249
209,109,0.8524158553159766
209,208,0.8581626835270548
209,210,0.8467507472213551
209,309,0.8523066639633705
210,110,0.8409386329935544
210,209,0.8467507472213551
210,211,0.8353474917985504
210,310,0.8409843106953492
211,111,0.8294999915606955
211,210,0.8353474917985504
211,212,0.8239766939408415
211,311,0.8296654307475867
212,112,0.8181223482895421
212,211,0.8239766939408415
212,213,0.8126590515402699
212,312,0.8183717386359641
213,113,0.8068251342709847
213,212,0.8126590515402699
213,214,0.8014126795764054
213,313,0.8071222905994527
214,114,0.7956252716382615
214,213,0.8014126795764054
214,215,0.7902535645316018
214,314,0.7959339654364304
215,115,0.7845376021922772
215,214,0.7902535645316018
215,216,0.7791959615763181
215,315,0.7848218941961171
216,116,0.773575252970356
216,215,0.7791959615763181
216,217,0.7682527214592707
216,316,0.7737998241946038
217,117,0.7627499271719776
217,216,0.7682527214592707
217,218,0.7574355370590417
217,317,0.7628804057112932
218,118,0.7520721120038332
218,217,0.7574355370590417
218,219,0.7467551028107884
218,318,0.7520753928883407
219,119,0.7415511983448966
219,218,0.7467551028107884
219,220,0.7362211836242643
219,319,0.7413957537155651
220,120,0.7311955105684401
220,219,0.7362211836242643
220,221,0.7258425933646697
220,320,0.7308516874444111
221,121,0.7210122482985769
221,220,0.7258425933646697
221,222,0.7156270863823215
221,321,0.7204525512431071
222,122,0.7110073452307348
222,221,0.7156270863823215
222,223,0.7055811688585991
222,322,0.7102067012876552
223,123,0.7011852533180317
223,222,0.7055811688585991
223,224,0.6957098397956244
223,323,0.700121256688578
224,124,0.6915486635330084
224,223,0.6957098397956244
224,225,0.6860162742329636
224,324,0.6902017975951625
225,125,0.6820981769779143
225,224,0.6860162742329636
225,226,0.6765014636515279
225,325,0.6804520114177042
226,126,0.6728319422666456
226,225,0.6765014636515279
226,227,0.6671638304575767
226,326,0.6708733032932677
227,127,0.663745276778172
227,226,0.6671638304575767
227,228,0.657998834874399
227,327,0.6614643886313702
228,128,0.6548302905373229
228,227,0.657998834874399
228,229,0.6489985934644857
228,328,0.652220886764514
229,129,0.6460755320799025
229,228,0.6489985934644857
229,230,0.6401515288330722
229,329,0.6431349353593723
230,130,0.6374656756849381
230,229,0.6401515288330722
230,231,0.6314420698113852
230,330,0.6341948452966211
231,131,0.6289812688017602
231,230,0.6314420698113852
231,232,0.6228504205860024
231,331,0.6253848151942651
232,132,0.6205985573725343
232,231,0.6228504205860024
232,233,0.6143524158453794
232,332,0.6166847236391775
233,133,0.6122894050753702
233,232,0.6143524158453794
233,234,0.605919477086126
233,333,0.6080700155272738
234,134,0.6040213203269225
234,233,0.605919477086126
234,235,0.5975186828040617
234,334,0.5995116967314964
235,135,0.5957576022371829
235,234,0.5975186828040617
235,236,0.5891129624451772
235,335,0.5909764486688549
236,136,0.5874576136659834
236,235,0.5891129624451772
236,237,0.5806614207775384
236,336,0.5824268712860015
237,137,0.5790771861639132
237,236,0.5806614207775384
237,238,0.5721197958448552
237,337,0.573821859600403
238,138,0.5705691579723882
238,237,0.5721197958448552
238,239,0.5634410499619344
238,338,0.565117115303744
239,139,0.5618840424977491
239,238,0.5634410499619344
239,240,0.5545760894035359
239,339,0.5562657911452187
240,140,0.5529708208567705
240,239,0.5545760894035359
240,241,0.5454746046170933
240,340,0.5472192619595724
241,141,0.5437778483125439
241,240,0.5454746046170933
241,242,0.5360860190537855
241,341,0.5379280123854776
242,142,0.5342538607776678
242,241,0.5360860190537855
242,243,0.5263605311581743
242,342,0.5283426276320919
243,143,0.5243490641510137
243,242,0.5263605311581743
243,244,0.5162502307776679
243,343,0.5184148701914053
244,144,0.5140162861660682
244,243,0.5162502307776679
244,245,0.5057102683376701
244,344,0.5080988222532556
245,145,0.5032121677472439
245,244,0.5057102683376701
245,246,0.49470005265717876
245,345,0.4973520708440753
246,146,0.4918983686714756
246,245,0.49470005265717876
246,247,0.4831844513241018
246,346,0.48613691045667273
247,147,0.4800427606812178
247,246,0.4831844513241018
247,248,0.47113496616964523
247,347,0.4744215362331299
248,148,0.4676205801448784
248,247,0.47113496616964523
248,249,0.4585308556240178
248,348,0.4621811996608577
249,149,0.4546155119515374
249,248,0.4585308556240178
249,250,0.4453601756344972
249,349,0.4493992982839165
250,150,0.441020676583672
250,249,0.4453601756344972
250,251,0.4316207113997558
250,350,0.4360683711442975
251,151,0.426839493244373
251,250,0.4316207113997558
251,252,0.4173207734237694
251,351,0.4221909725619137
252,152,0.41208639351830184
252,251,0.4173207734237694
252,253,0.40247983330530857
252,352,0.4077803984326718
253,153,0.39678736229667755
253,252,0.40247983330530857
253,254,0.38712897722588946
253,353,0.3928612414503132
254,154,0.38098028555872204
254,253,0.38712897722588946
254,255,0.3713111582358398
254,354,0.37746975450328635
255,155,0.36471508802322705
255,254,0.3713111582358398
255,256,0.35508123210610476
255,355,0.3616540049111787
256,156,0.34805364759845775
256,255,0.35508123210610476
256,257,0.33850576564063034
256,356,0.3454738060807577
257,157,0.33106947788822866
257,256,0.33850576564063034
257,258,0.3216626108469096
257,357,0.3290004175012453
258,158,0.3138471746676317
258,257,0.3216626108469096
258,259,0.3046402431468611
258,358,0.31231600867287934
259,159,0.2964816271256027
259,258,0.3046402431468611
259,260,0.28753686677496576
259,359,0.2955128874737483
260,160,0.2790769996785194
260,259,0.28753686677496576
260,261,0.2704592955480687
260,360,0.27869249851193556
261,161,0.26174549518007484
261,260,0.2704592955480687
261,262,0.2535216221906075
261,361,0.2619642020730836
262,162,0.2446059152764084
262,261,0.2535216221906075
262,263,0.23684369424845794
262,362,0.2454438492451907
263,163,0.22778203837096583
263,262,0.23684369424845794
263,264,0.22054941921385096
263,363,0.22925217357060806
264,164,0.2114008400627049
264,263,0.22054941921385096
264,265,0.2047649257066953
264,364,0.21351302403035705
265,165,0.19559058490137488
265,264,0.2047649257066953
265,266,0.1896166113144314
265,365,0.1983514682038314
266,166,0.1804788217696602
266,265,0.1896166113144314
266,267,0.17522911089225435
266,366,0.18389179797104857
267,167,0.16619031806884516
267,266,0.17522911089225435
267,268,0.16172322168814468
267,367,0.17025547304812383
268,168,0.152844970079211
268,267,0.16172322168814468
268,269,0.1492138235153484
268,368,0.15755903989474096
269,169,0.14055572832899343
269,268,0.1492138235153484
269,270,0.13780783329592725
269,369,0.14591206504383564
270,170,0.12942657749213
270,269,0.13780783329592725
270,271,0.12760223360570172
270,370,0.1354151226326727
271,171,0.11955061021699327
271,270,0.12760223360570172
271,272,0.11868221434302492
271,371,0.12615787583131163
272,172,0.11100823335494048
272,271,0.11868221434302492
272,273,0.11111946531839816
272,372,0.118217290956936
273,173,0.10386554331511791
273,272,0.11111946531839816
273,274,0.1049706554337218
273,373,0.11165602133587083
274,174,0.09817290474474479
274,273,0.1049706554337218
274,275,0.10027613122116205
274,374,0.10652099545269678
275,175,0.09396376346308141
275,274,0.10027613122116205
275,276,0.09705886389137225
275,375,0.10284224064805617
276,176,0.09125372062030218
276,275,0.09705886389137225
276,277,0.09532366976445544
276,376,0.10063196965107855
277,177,0.09003989048247404
277,276,0.09532366976445544
277,278,0.09505672410464769
277,377,0.09988395263169891
278,178,0.09030055914788204
278,277,0.09505672410464769
278,279,0.0962253830445767
278,378,0.1005731923199216
279,179,0.09199515597713863
279,278,0.0962253830445767
279,280,0.09877832257177899
279,379,0.10265591416291596
280,180,0.09506454367927547
280,279,0.09877832257177899
280,281,0.10264599757278187
280,380,0.10606987758709466
281,181,0.09943162695552663
281,280,0.10264599757278187
281,282,0.10774141780913046
281,381,0.11073500831934588
282,182,0.10500227348440394
282,281,0.10774141780913046
282,283,0.11396123156018537
282,382,0.1165543455235471
283,183,0.11166653496147491
283,282,0.11396123156018537
283,284,0.1211871016359184
283,383,0.12341529135254563
284,184,0.11930015001059194
284,283,0.1211871016359184
284,285,0.1292873526647827
284,384,0.13119114452965014
285,185,0.12776630518333928
285,284,0.1292873526647827
285,286,0.13811886311870064
285,385,0.1397428938824794
286,186,0.1369176250780899
286,285,0.13811886311870064
286,287,0.14752917056471304
286,386,0.14892124247605648
287,187,0.14659835794957024
287,286,0.14752917056471304
287,288,0.15735875423720783
287,387,0.15856882824392174
288,188,0.15664671914419115
288,287,0.15735875423720783
288,289,0.16744345530110688
288,388,0.16852260289807638
289,189,0.16689735137346934
289,288,0.16744345530110688
289,290,0.17761699220679195
289,389,0.17861632750106277
290,190,0.17718385830097852
290,289,0.17761699220679195
290,291,0.18771352638853092
290,390,0.18868314048198792
291,191,0.18734136622500816
291,290,0.18771352638853092
291,292,0.1975702322797258
291,391,0.19855815213254374
292,192,0.1972090678296572
292,291,0.1975702322797258
292,293,0.2070298252425832
292,392,0.20808101877127583
293,193,0.20663270207359125
293,292,0.2070298252425832
293,294,0.21594300155032875
293,393,0.21709844983819548
294,194,0.21546692529129538
294,293,0.21594300155032875
294,295,0.22417074601133616
294,394,0.22546660218210574
295,195,0.22357753048087894
295,294,0.22417074601133616
295,296,0.23158646516202247
295,395,0.2330533177150368
296,196,0.23084347451079962
296,295,0.23158646516202247
296,297,0.23807790713601235
296,396,0.2397401633984304
297,197,0.23715867654310008
297,296,0.23807790713601235
297,298,0.24354883328007543
297,397,0.2454242361419742
298,198,0.2424335552732984
298,297,0.24354883328007543
298,299,0.24792041125532657
298,398,0.25001969956885667
299,199,0.2465962775421197
299,298,0.24792041125532657
299,399,0.25345902464498843
300,200,0.9488135588173913
300,301,0.9424322264170428
300,400,0.9450574479002253
301,201,0.93912274025647
301,300,0.9424322264170428
301,302,0.9327519492749508
301,401,0.9358122383909881
302,202,0.9290403166270873
302,301,0.9327519492749508
302,303,0.922704545127793
302,402,0.926160503066222
303,203,0.918632397862649
303,302,0.922704545127793
303,304,0.9123515297463982
303,403,0.9161649970292216
304,204,0.9079590621423499
304,303,0.9123515297463982
304,305,0.9017485143672266
304,404,0.90588265481101
305,205,0.8970743928998368
305,304,0.9017485143672266
305,306,0.890945318586744
305,405,0.8953646475619808
306,206,0.8860266470610498
306,305,0.890945318586744
306,307,0.8799862045415426
306,406,0.8846565695381257
307,207,0.8748585365118842
307,306,0.8799862045415426
307,308,0.8689102133683357
307,407,0.8737987358826034
308,208,0.8636076028328249
308,307,0.8689102133683357
308,309,0.8577515832691405
308,408,0.862826571740953
309,209,0.8523066639633705
309,308,0.8577515832691405
309,310,0.8465402274373646
309,409,0.8517710713721813
310,210,0.8409843106953492
310,309,0.8465402274373646
310,311,0.8353022496443855
310,410,0.8406593051503184
311,211,0.8296654307475867
311,310,0.8353022496443855
311,312,0.8240604754427094
311,411,0.8295149521989506
312,212,0.8183717386359641
312,311,0.8240604754427094
312,313,0.8128349776951469
312,412,0.8183588368566389
313,213,0.8071222905994527
313,312,0.8128349776951469
313,314,0.8016435764594778
313,413,0.8072094482114383
314,214,0.7959339654364304
314,313,0.8016435764594778
314,315,0.7905022951009457
314,414,0.7960834235308965
315,215,0.7848218941961171
315,314,0.7905022951009457
315,316,0.7794257568144028
315,415,0.7849959785002091
316,216,0.7737998241946038
316,315,0.7794257568144028
316,317,0.7684275084466263
316,416,0.7739612697036053
317,217,0.7628804057112932
317,316,0.7684275084466263
317,318,0.7575202615405923
317,417,0.7629926776705749
318,218,0.7520753928883407
318,317,0.7575202615405923
318,319,0.7467160437931174
318,418,0.7521030019784691
319,219,0.7413957537155651
319,318,0.7467160437931174
319,320,0.7360262575357119
319,419,0.7413045632692179
320,220,0.7308516874444111
320,319,0.7360262575357119
320,321,0.7254616453228485
320,420,0.7306092105087802
321,221,0.7204525512431071
321,320,0.7254616453228485
321,322,0.7150321661484408
321,421,0.7200282352997067
322,222,0.7102067012876552
322,321,0.7150321661484408
322,323,0.704746789117634
322,422,0.7095721984562897
323,223,0.700121256688578
323,322,0.704746789117634
323,324,0.6946132144881162
323,423,0.6992506772767845
324,224,0.6902017975951625
324,323,0.6946132144881162
324,325,0.6846375347799031
324,424,0.6890719449115882
325,225,0.6804520114177042
325,324,0.6846375347799031
325,326,0.6748238510594439
325,425,0.6790425958499174
326,226,0.6708733032932677
326,325,0.6748238510594439
326,327,0.6651738614670613
326,426,0.6691671337592553
327,227,0.6614643886313702
327,326,0.6651738614670613
327,328,0.6556864405214851
327,427,0.6594475396505273
328,228,0.652220886764514
328,327,0.6556864405214851
328,329,0.6463572286594005
328,428,0.6498828395587236
329,229,0.6431349353593723
329,328,0.6463572286594005
329,330,0.637178251822921
329,429,0.6404686915873936
330,230,0.6341948452966211
330,329,0.637178251822921
330,331,0.628137590679501
330,430,0.6311970122442654
331,231,0.6253848151942651
331,330,0.628137590679501
331,332,0.6192191182474405
331,431,0.6220556614868018
332,232,0.6166847236391775
332,331,0.6192191182474405
332,333,0.610402323321072
332,432,0.6130282048082324
333,233,0.6080700155272738
333,332,0.610402323321072
333,334,0.6016622351726443
333,433,0.6040937690487495
334,234,0.5995116967314964
334,333,0.6016622351726443
334,335,0.5929694625962896
334,434,0.5952270064495192
335,235,0.5909764486688549
335,334,0.5929694625962896
335,336,0.5842903575096791
335,435,0.5863981788287794
336,236,0.5824268712860015
336,335,0.5842903575096791
336,337,0.575587310108866
336,436,0.5775733707118285
337,237,0.573821859600403
337,336,0.575587310108866
337,338,0.5668191790592918
337,437,0.5687148368631412
338,238,0.565117115303744
338,337,0.5668191790592918
338,339,0.5579418564870282
338,438,0.5597814860315143
339,239,0.5562657911452187
339,338,0.5579418564870282
339,340,0.5489089637012552
339,439,0.5507294989175604
340,240,0.5472192619595724
340,339,0.5489089637012552
340,341,0.5396726697279568
340,440,0.5415130745018031
341,241,0.5379280123854776
341,340,0.5396726697279568
341,342,0.5301846209637839
341,441,0.5320852950287621
342,242,0.5283426276320919
342,341,0.5301846209637839
342,343,0.520396966665323
342,442,0.5223990962261181
343,243,0.5184148701914053
343,342,0.520396966665323
343,344,0.5102634616669932
343,443,0.5124083258449144
344,244,0.5080988222532556
344,343,0.5102634616669932
344,345,0.4997406247596609
344,444,0.5020688704294087
345,245,0.4973520708440753
345,344,0.4997406247596609
345,346,0.48878892864356926
345,445,0.49133982744995436
346,246,0.48613691045667273
346,345,0.48878892864356926
346,347,0.47737399536570085
346,446,0.48018469763706434
347,247,0.4744215362331299
347,346,0.47737399536570085
347,348,0.4654677697243424
347,447,0.4685725706072197
348,248,0.4621811996608577
348,347,0.4654677697243424
348,349,0.4530496423207564
348,448,0.4564792757265426
349,249,0.4493992982839165
349,348,0.4530496423207564
349,350,0.4401074937937168
349,449,0.4438884696592163
350,250,0.4360683711442975
350,349,0.4401074937937168
350,351,0.4266386323064554
350,450,0.4307926322209164
351,251,0.4221909725619137
351,350,0.4266386323064554
351,352,0.4126505975708161
351,451,0.4171939430154503
352,252,0.4077803984326718
352,351,0.4126505975708161
352,353,0.3981618065776765
352,452,0.40310501287132305
353,253,0.3928612414503132
353,352,0.3981618065776765
353,354,0.38320201872771015
353,453,0.38854944629401666
354,254,0.37746975450328635
354,353,0.38320201872771015
354,355,0.3678126011786252
354,454,0.37356221397364087
355,255,0.3616540049111787
355,354,0.3678126011786252
355,356,0.3520465788858316
355,455,0.35818981778533054
356,256,0.3454738060807577
356,355,0.3520465788858316
356,357,0.33596845794137264
356,456,0.3424902346262584
357,257,0.3290004175012453
357,356,0.33596845794137264
357,358,0.31965381532721504
357,457,0.3265326297704707
358,258,0.31231600867287934
358,357,0.31965381532721504
358,359,0.3031886529997666
358,458,0.3103968351017666
359,259,0.2955128874737483
359,358,0.3031886529997666
359,360,0.2866685192107181
359,459,0.29417259250704486
360,260,0.27869249851193556
360,359,0.2866685192107181
360,361,0.27019740503695044
360,460,0.27795856777220407
361,261,0.2619642020730836
361,360,0.27019740503695044
361,362,0.2538864291276668
361,461,0.2618611454091896
362,262,0.2454438492451907
362,361,0.2538864291276668
362,363,0.23785232856734081
362,462,0.24599301984302813
363,263,0.22925217357060806
363,362,0.23785232856734081
363,364,0.22221577838711415
363,463,0.2304716031886378
364,264,0.21351302403035705
364,363,0.22221577838711415
364,365,0.20709956652749315
364,464,0.21541727433835717
365,265,0.1983514682038314
365,364,0.20709956652749315
365,366,0.19262665486044858
365,465,0.2009514981571961
366,266,0.18389179797104857
366,365,0.19262665486044858
366,367,0.17891816012691808
366,466,0.18719484714585083
367,267,0.17025547304812383
367,366,0.17891816012691808
367,368,0.1660912912547201
367,467,0.17426496089357793
368,268,0.15755903989474096
368,367,0.1660912912547201
368,369,0.1542572814232282
368,468,0.16227448092785687
369,269,0.14591206504383564
369,368,0.1542572814232282
369,370,0.1435193543805811
369,469,0.15132900011291817
370,270,0.1354151226326727
370,369,0.1435193543805811
370,371,0.13397076485828263
370,470,0.1415250665075186
371,271,0.12615787583131163
371,370,0.13397076485828263
371,372,0.12569295244522272
371,471,0.13294828153295984
372,272,0.118217290956936
372,371,0.12569295244522272
372,373,0.11875384697440867
372,472,0.12567153141201357
373,273,0.11165602133587083
373,372,0.11875384697440867
373,374,0.11320636135484578
373,473,0.11975338912245556
374,274,0.10652099545269678
374,373,0.11320636135484578
374,375,0.10908710487959089
374,474,0.11523672158783257
375,275,0.10284224064805617
375,374,0.10908710487959089
375,376,0.10641534640776246
375,475,0.11214753354286187
376,276,0.10063196965107855
376,375,0.10641534640776246
376,377,0.10519225251832202
376,476,0.11049407551860756
377,277,0.09988395263169891
377,376,0.10519225251832202
377,378,0.10540042084697282
377,477,0.11026623876617732
378,278,0.1005731923199216
378,377,0.10540042084697282
378,379,0.10700372343826087
378,478,0.11143525476470033
379,279,0.10265591416291596
379,378,0.10700372343826087
379,380,0.10994746917823164
379,479,0.11395371133992223
380,280,0.10606987758709466
380,379,0.10994746917823164
380,381,0.11415888833365867
380,480,0.11775589146492096
381,281,0.11073500831934588
381,380,0.11415888833365867
381,382,0.11954793603376251
381,481,0.12275843464358877
382,282,0.1165543455235471
382,381,0.11954793603376251
382,383,0.12600840531590735
382,482,0.12886131451595087
383,283,0.12341529135254563
383,382,0.12600840531590735
383,384,0.13341933424627733
383,483,0.13594912010081822
384,284,0.13119114452965014
384,383,0.13341933424627733
384,385,0.14164668574734685
384,484,0.1438926220349127
385,285,0.1397428938824794
385,384,0.14164668574734685
385,386,0.15054527323983524
385,485,0.15255059940546806
386,286,0.14892124247605648
386,385,0.15054527323983524
386,387,0.1599609001552652
386,486,0.16177189742758835
387,287,0.15856882824392174
387,386,0.1599609001552652
387,388,0.1697326769047903
387,487,0.17139768140288103
388,288,0.16852260289807638
388,387,0.1697326769047903
388,389,0.1796954750980323
388,488,0.1812638482164582
389,289,0.17861632750106277
389,388,0.1796954750980323
389,390,0.18968247577625874
389,489,0.19120355317756532
390,290,0.18868314048198792
390,389,0.18968247577625874
390,391,0.19952776622600074
390,490,0.2010498073623507
391,291,0.19855815213254374
391,390,0.19952776622600074
391,392,0.20906893862409376
391,491,0.21063809883714246
392,292,0.20808101877127583
392,391,0.20906893862409376
392,393,0.21814964336688814
392,492,0.21980899027095346
393,293,0.21709844983819548
393,392,0.21814964336688814
393,394,0.22662205046997247
393,493,0.22841064551182289
394,294,0.22546660218210574
394,393,0.22662205046997247
394,395,0.2343491738858064
394,494,0.23630123870900327
395,295,0.2330533177150368
395,394,0.2343491738858064
395,396,0.24120701595144473
395,495,0.24335120149812306
396,296,0.2397401633984304
396,395,0.24120701595144473
396,397,0.24708649240439223
396,496,0.24944526659622332
397,297,0.2454242361419742
397,396,0.24708649240439223
397,398,0.25189510243075547
397,497,0.2544842698259788
398,298,0.25001969956885667
398,397,0.25189510243075547
398,399,0.2555583129585185
398,498,0.25838667703386636
