u,v,cost
0,1,0.4481703615546796
0,100,0.45403196451012545
1,0,0.4481703615546796
1,2,0.44860417531578867
1,101,0.4549912006603365
2,1,0.44860417531578867
2,3,0.4490182260138975
2,102,0.4558014227774117
3,2,0.4490182260138975
3,4,0.449581424514771
3,103,0.4566371652128475
4,3,0.449581424514771
4,5,0.45045300131397403
4,104,0.4576665517290788
5,4,0.45045300131397403
5,6,0.4517775964621482
5,105,0.4590456100497353
6,5,0.4517775964621482
6,7,0.4536816580911366
6,106,0.46091387549281704
7,6,0.4536816580911366
7,8,0.4562711005539183
7,107,0.4633912804932119
8,7,0.4562711005539183
8,9,0.4596300952696659
8,108,0.46657624328556796
9,8,0.4596300952696659
9,10,0.46382080612647447
9,109,0.4705448000016328
10,9,0.46382080612647447
10,11,0.4688838401132991
10,110,0.47535057390090385
11,10,0.4688838401132991
11,12,0.47483916463506326
11,111,0.4810253459760932
12,11,0.47483916463506326
12,13,0.48168724605110624
12,112,0.487579983805005
13,12,0.48168724605110624
13,14,0.48941018814631765
13,113,0.4950054997396156
14,13,0.48941018814631765
14,15,0.49797269181802484
14,114,0.5032740433043563
15,14,0.49797269181802484
15,16,0.5073227142998717
15,115,0.5123396826381533
16,15,0.5073227142998717
16,17,0.5173917728207007
16,116,0.52213889146593
17,16,0.5173917728207007
17,18,0.5280949081384332
17,117,0.5325907261319913
18,17,0.5280949081384332
18,19,0.5393303920548176
18,118,0.5435967459399367
19,18,0.5393303920548176
19,20,0.5509793240944009
19,119,0.5550407936457099
20,19,0.5509793240944009
20,21,0.562905310826685
20,120,0.5667888060158359
21,20,0.562905310826685
21,22,0.574954452507306
21,121,0.5786888621891229
22,21,0.574954452507306
22,23,0.58695587267548
22,122,0.5905716965175462
23,22,0.58695587267548
23,24,0.5987230153439644
23,123,0.6022519002777951
24,23,0.5987230153439644
24,25,0.6100559012781704
24,124,0.6135300123040401
25,24,0.6100559012781704
25,26,0.6207444809997674
25,125,0.6241956529435417
26,25,0.6207444809997674
26,27,0.6305731505176129
26,126,0.6340317910969784
27,26,0.6305731505176129
27,28,0.6393264107096928
27,127,0.6428201542435179
28,27,0.6393264107096928
28,29,0.6467955582022507
28,128,0.6503477012741445
29,28,0.6467955582022507
29,30,0.6527862007609686
29,129,0.6564139836152767
30,29,0.6527862007609686
30,31,0.6571263002796046
30,130,0.6608391280466359
31,30,0.6571263002796046
31,32,0.6596743680703361
31,131,0.6634720915008405
32,31,0.6596743680703361
32,33,0.6603273765342946
32,132,0.6641987704152419
33,32,0.6603273765342946
33,34,0.6590279137743414
33,133,0.6629495006417224
34,33,0.6590279137743414
34,35,0.6557700974338622
34,134,0.6597054631809096
35,34,0.6557700974338622
35,36,0.6506037836024524
35,135,0.6545035193494387
36,35,0.6506037836024524
36,37,0.6436366568662292
36,136,0.6474390379903496
37,36,0.6436366568662292
37,38,0.6350338674680167
37,137,0.6386663467317063
38,37,0.6350338674680167
38,39,0.6250149881676677
38,138,0.6283965369193918
39,38,0.6250149881676677
39,40,0.6138481920606429
39,139,0.6168924736822099
40,39,0.6138481920606429
40,41,0.6018416970600722
40,140,0.604461002937215
41,40,0.6018416970600722
41,42,0.5893326754534374
41,141,0.5914424989109831
42,41,0.5893326754534374
42,43,0.5766739795287724
42,142,0.5781980507982505
43,42,0.5766739795287724
43,44,0.5642191779440847
43,143,0.5650947367605472
44,43,0.5642191779440847
44,45,0.5523065235994076
44,144,0.5524895687267928
45,44,0.5523065235994076
45,46,0.5412425741758999
45,145,0.5407128039322504
46,45,0.5412425741758999
46,47,0.5312862542304237
46,146,0.5300514012555931
47,46,0.5312862542304237
47,48,0.5226341773029625
47,147,0.5207334459831376
48,47,0.5226341773029625
48,49,0.5154080343253291
48,148,0.5129143712077416
49,48,0.5154080343253291
49,50,0.5096447992898627
49,149,0.5066657653013856
50,49,0.5096447992898627
50,51,0.5052904055377944
50,150,0.5019674727164863
51,50,0.5052904055377944
51,52,0.5021974093940048
51,151,0.4987035720744685
52,51,0.5021974093940048
52,53,0.5001269876867585
52,152,0.49666265571976564
53,52,0.5001269876867585
53,54,0.4987554194421884
53,153,0.49554264543128346
54,53,0.4987554194421884
54,55,0.4976849888993298
54,154,0.4949601684188793
55,54,0.4976849888993298
55,56,0.4964590273432272
55,155,0.4944642961564675
56,55,0.4964590273432272
56,57,0.49458059619363465
56,156,0.4935542270230947
57,56,0.49458059619363465
57,58,0.49153411453440876
57,157,0.49170028352265904
58,57,0.49153411453440876
58,59,0.48680906157458725
58,158,0.48836740719495986
59,58,0.48680906157458725
59,60,0.4799247480945772
59,159,0.4830401795576148
60,59,0.4799247480945772
60,61,0.4704550588551262
60,160,0.47524828448140255
61,60,0.4704550588551262
61,62,0.4580520262784552
61,161,0.4645912633532562
62,61,0.4580520262784552
62,63,0.4424671080694572
62,162,0.45076140395752334
63,62,0.4424671080694572
63,64,0.42356910877842446
63,163,0.4335636493238263
64,63,0.42356910877842446
64,65,0.40135780578437596
64,164,0.4129315131761533
65,64,0.40135780578437596
65,66,0.37597250922642955
65,165,0.3889381405847533
66,65,0.37597250922642955
66,67,0.34769499589612596
66,166,0.36180184978929497
67,66,0.34769499589612596
67,68,0.3169464996517716
67,167,0.3318857253211296
68,67,0.3169464996517716
68,69,0.28427870435363034
68,168,0.2996910928681119
69,68,0.28427870435363034
69,70,0.2503589572172689
69,169,0.26584498064250245
70,69,0.2503589572172689
70,71,0.2159501877729093
70,170,0.23108194725507195
71,70,0.2159501877729093
71,72,0.18188626725061402
71,171,0.19622091892332394
72,71,0.18188626725061402
72,73,0.14904376281690856
72,172,0.16213791631445273
73,72,0.14904376281690856
73,74,0.11831121962099286
73,173,0.12973575158266137
74,73,0.11831121962099286
74,75,0.09055723191770038
74,174,0.09991192903273644
75,74,0.09055723191770038
75,76,0.06659863585037099
75,175,0.07352608037796457
76,75,0.06659863585037099
76,77,0.04717016677674614
76,176,0.05136830246080046
77,76,0.04717016677674614
77,78,0.03289687225568497
77,177,0.03412973921167691
78,77,0.03289687225568497
78,79,0.024270459982611896
78,178,0.022376661263934772
79,78,0.024270459982611896
79,80,0.021630593037364546
79,179,0.016529149822494767
80,79,0.021630593037364546
80,81,0.025151930496270708
80,180,0.016845292802548532
81,80,0.025151930496270708
81,82,0.03483745982924781
81,181,0.02341156019304786
82,81,0.03483745982924781
82,83,0.050518390485081
82,182,0.03613975346204023
83,82,0.050518390485081
83,84,0.07186058886582697
83,183,0.05477063356701526
84,83,0.07186058886582697
84,85,0.09837724731465888
84,184,0.07888403763193201
85,84,0.09837724731465888
85,86,0.129447207514908
85,185,0.10791500968345485
86,85,0.129447207514908
86,87,0.164338114770474
86,186,0.1411752095854133
87,86,0.164338114770474
87,88,0.2022333755319492
87,187,0.17787863887538008
88,87,0.2022333755319492
88,89,0.24226173576846372
88,188,0.21717054318966336
89,88,0.24226173576846372
89,90,0.2835281994054661
89,189,0.2581582266281698
90,89,0.2835281994054661
90,91,0.32514496827427175
90,190,0.2999424492801953
91,90,0.32514496827427175
91,92,0.36626110904919507
91,191,0.3416480777165488
92,91,0.36626110904919507
92,93,0.40608973661557335
92,192,0.3824527189392071
93,92,0.40608973661557335
93,94,0.44393164239840543
93,193,0.42161218737877326
94,93,0.44393164239840543
94,95,0.47919448288155586
94,194,0.4584818254866977
95,94,0.47919448288155586
95,96,0.5114068680721717
95,195,0.49253291221396417
96,95,0.5114068680721717
96,97,0.5402269404580256
96,196,0.5233636390993449
97,96,0.5402269404580256
97,98,0.565445299349278
97,197,0.550704398258788
98,97,0.565445299349278
98,99,0.5869823901721719
98,198,0.5744173969302091
99,98,0.5869823901721719
99,199,0.5944908759398441
100,0,0.45403196451012545
100,101,0.4608528036157824
100,200,0.4659631049256536
101,1,0.4549912006603365
101,100,0.4608528036157824
101,102,0.4621884481219596
101,201,0.4678371377537881
102,2,0.4558014227774117
102,101,0.4621884481219596
102,103,0.46342036197636166
102,202,0.46947794241288965
103,3,0.4566371652128475
103,102,0.46342036197636166
103,104,0.4647222924271552
103,203,0.47106403336902264
104,4,0.4576665517290788
104,103,0.4647222924271552
104,105,0.46625916046484
104,204,0.47276866278821583
105,5,0.4590456100497353
105,104,0.46625916046484
105,106,0.4681818890804041
105,205,0.47475387576168054
106,6,0.46091387549281704
106,105,0.4681818890804041
106,107,0.47062349789489233
106,206,0.4771657935175329
107,7,0.4633912804932119
107,106,0.47062349789489233
107,108,0.4736964232248616
107,207,0.4801311314451309
108,8,0.46657624328556796
108,107,0.4736964232248616
108,109,0.4774909480175348
108,208,0.48375487942602446
109,9,0.4705448000016328
109,108,0.4774909480175348
109,110,0.48207456777606206
109,209,0.48811900659559015
110,10,0.47535057390090385
110,109,0.48207456777606206
110,111,0.48749207976369796
110,210,0.49328200496690044
111,11,0.4810253459760932
111,110,0.48749207976369796
111,112,0.49376616514603494
111,211,0.49927905870001865
112,12,0.487579983805005
112,111,0.49376616514603494
112,113,0.5008982374935144
112,212,0.5061226190866851
113,13,0.4950054997396156
113,112,0.5008982374935144
113,114,0.5088693548976543
113,213,0.5138031789262281
114,14,0.5032740433043563
114,113,0.5088693548976543
114,115,0.5176410341244848
114,214,0.5222900718363868
115,15,0.5123396826381533
115,114,0.5176410341244848
115,116,0.5271558598042116
115,215,0.5315321688328335
116,16,0.52213889146593
116,115,0.5271558598042116
116,117,0.5373378447772206
116,216,0.5414584018420927
117,17,0.5325907261319913
117,116,0.5373378447772206
117,118,0.5480925639334948
117,217,0.5519781065687774
118,18,0.5435967459399367
118,117,0.5480925639334948
118,119,0.5593071475308291
118,218,0.5629812398254866
119,19,0.5550407936457099
119,118,0.5593071475308291
119,120,0.570850275567145
119,219,0.5743385835598879
120,20,0.5667888060158359
120,119,0.570850275567145
120,121,0.5825723573782737
120,220,0.5859020942692517
121,21,0.5786888621891229
121,120,0.5825723573782737
121,122,0.5943061061993631
121,221,0.5975055879105098
122,22,0.5905716965175462
122,121,0.5943061061993631
122,123,0.6058677241198612
122,222,0.6089659634805419
123,23,0.6022519002777951
123,122,0.6058677241198612
123,124,0.6170588972378708
123,223,0.6200851611443734
124,24,0.6135300123040401
124,123,0.6170588972378708
124,125,0.6276697639694115
124,224,0.6306530225807774
125,25,0.6241956529435417
125,124,0.6276697639694115
125,126,0.6374829630407527
125,225,0.6404511730835014
126,26,0.6340317910969784
126,125,0.6374829630407527
126,127,0.6462787948228834
126,226,0.6492579793970498
127,27,0.6428201542435179
127,126,0.6462787948228834
127,128,0.6538414448079698
127,227,0.6568545581533074
128,28,0.6503477012741445
128,127,0.6538414448079698
128,129,0.6599661266871706
128,228,0.6630317221436989
129,29,0.6564139836152767
129,128,0.6599661266871706
129,130,0.664466910900944
129,229,0.667597661405446
130,30,0.6608391280466359
130,129,0.664466910900944
130,131,0.6671849192678719
130,230,0.6703860696112871
131,31,0.6634720915008405
131,130,0.6671849192678719
131,132,0.6679964938457463
131,231,0.6712643500142921
132,32,0.6641987704152419
132,131,0.6679964938457463
132,133,0.6668208945226697
132,232,0.6701414753691557
133,33,0.6629495006417224
133,132,0.6668208945226697
133,134,0.6636270500482906
133,233,0.6669750382431601
134,34,0.6597054631809096
134,133,0.6636270500482906
134,135,0.6584388850964862
134,234,0.6617770162380238
135,35,0.6545035193494387
135,134,0.6584388850964862
135,136,0.651338773737336
135,235,0.6546177937210172
136,36,0.6474390379903496
136,135,0.651338773737336
136,137,0.6424687278558268
136,236,0.6456280288796943
137,37,0.6386663467317063
137,136,0.6424687278558268
137,138,0.6320290161830813
137,237,0.6349980316098539
138,38,0.6283965369193918
138,137,0.6320290161830813
138,139,0.620274022433934
138,238,0.6229744213926225
139,39,0.6168924736822099
139,138,0.620274022433934
139,140,0.6075052845587819
139,239,0.6098539605897983
140,40,0.604461002937215
140,139,0.6075052845587819
140,141,0.594061804788126
140,240,0.5959746015503007
141,41,0.5914424989109831
141,140,0.594061804788126
141,142,0.5803078742557963
141,241,0.5817039383117345
142,42,0.5781980507982505
142,141,0.5803078742557963
142,143,0.5666188080300254
142,242,0.5674254072849731
143,43,0.5650947367605472
143,142,0.5666188080300254
143,144,0.5533651275432552
143,243,0.5535227274029633
144,44,0.5524895687267928
144,143,0.5533651275432552
144,145,0.5408958490596356
144,244,0.5403632000542009
145,45,0.5407128039322504
145,144,0.5408958490596356
145,146,0.5295216310119437
145,245,0.5282805944484166
146,46,0.5300514012555931
146,145,0.5295216310119437
146,147,0.5194985930083071
146,246,0.5175584175988679
147,47,0.5207334459831376
147,146,0.5194985930083071
147,148,0.5110136398879168
147,247,0.50841440400862
148,48,0.5129143712077416
148,147,0.5110136398879168
148,149,0.5041721021837982
148,248,0.5009870543954293
149,49,0.5066657653013856
149,148,0.5041721021837982
149,150,0.49898843872800913
149,249,0.4953250034776491
150,50,0.5019674727164863
150,149,0.49898843872800913
150,151,0.49538063925316045
150,250,0.49137990437258494
151,51,0.4987035720744685
151,150,0.49538063925316045
151,152,0.4931688184002294
151,251,0.4890033842966577
152,52,0.49666265571976564
152,151,0.4931688184002294
152,153,0.4920783134642907
152,252,0.48794845807085985
153,53,0.49554264543128346
153,152,0.4920783134642907
153,154,0.49174739440797444
153,253,0.48787558959513355
154,54,0.4949601684188793
154,153,0.49174739440797444
154,155,0.49173947567601695
154,254,0.48836337591493045
155,55,0.4944642961564675
155,154,0.49173947567601695
155,156,0.49155949583633496
155,255,0.4889236040736524
156,56,0.4935542270230947
156,155,0.49155949583633496
156,157,0.4906739143521191
156,256,0.4890202087832435
157,57,0.49170028352265904
157,156,0.4906739143521191
157,158,0.48853357618321014
157,257,0.48809145048377917
158,58,0.48836740719495986
158,157,0.48853357618321014
158,159,0.4845985251779874
158,258,0.4855744497065377
159,59,0.4830401795576148
159,158,0.4845985251779874
159,160,0.4783637159444401
159,259,0.4809310649833951
160,60,0.47524828448140255
160,159,0.4783637159444401
160,161,0.46938448897953244
160,260,0.47367399654898135
161,61,0.4645912633532562
161,160,0.46938448897953244
161,162,0.4573006410323243
161,261,0.46339194346529194
162,62,0.45076140395752334
162,161,0.4573006410323243
162,163,0.44185794521189237
162,262,0.4497726418772538
163,63,0.4335636493238263
163,162,0.44185794521189237
163,164,0.4229260537215551
163,263,0.43262266852522446
164,64,0.4129315131761533
164,163,0.4229260537215551
164,165,0.4005118479765306
164,264,0.4118830052185961
165,65,0.3889381405847533
165,164,0.4005118479765306
165,166,0.3747674811476187
165,265,0.3876395227119491
166,66,0.36180184978929497
166,165,0.3747674811476187
166,167,0.34599257921429855
166,266,0.3601277496427606
167,67,0.3318857253211296
167,166,0.34599257921429855
167,168,0.3146303185374699
167,267,0.3297315348211239
168,68,0.2996910928681119
168,167,0.3146303185374699
168,169,0.281257369156984
168,268,0.2969754781732302
169,69,0.26584498064250245
169,168,0.281257369156984
169,170,0.2465679706803055
169,269,0.2625112845595823
170,70,0.23108194725507195
170,169,0.2465679706803055
170,171,0.21135267840548655
170,270,0.22709847221931362
171,71,0.19622091892332394
171,170,0.21135267840548655
171,172,0.17647256798716265
171,271,0.1915801302773846
172,72,0.16213791631445273
172,171,0.17647256798716265
172,173,0.14282990508020557
172,272,0.15685465465883697
173,73,0.12973575158266137
173,172,0.14282990508020557
173,174,0.11133646099440496
173,273,0.12384458713885144
174,74,0.09991192903273644
174,173,0.11133646099440496
174,175,0.08288077749300063
174,274,0.09346382817357886
175,75,0.07352608037796457
175,174,0.08288077749300063
175,176,0.05829574698839404
175,275,0.06658458298401355
176,76,0.05136830246080046
176,175,0.05829574698839404
176,177,0.03832787489573122
176,276,0.044005427218534454
177,77,0.03412973921167691
177,176,0.03832787489573122
177,178,0.023609528219926717
177,277,0.026421841523992046
178,78,0.022376661263934772
178,177,0.023609528219926717
178,179,0.014635351103817643
178,278,0.014400464765719106
179,79,0.016529149822494767
179,178,0.014635351103817643
179,180,0.011743849587678755
179,279,0.008358157801274286
180,80,0.016845292802548532
180,179,0.011743849587678755
180,181,0.015104922499325686
180,280,0.008546760872344381
181,81,0.02341156019304786
181,180,0.015104922499325686
181,182,0.02471385382584028
181,281,0.015044177621004448
182,82,0.03613975346204023
182,181,0.02471385382584028
182,183,0.04039199654397449
182,282,0.02775213931256119
183,83,0.05477063356701526
183,182,0.04039199654397449
183,184,0.0617940823331203
183,283,0.046400707384994036
184,84,0.07888403763193201
184,183,0.0617940823331203
184,185,0.08842180000072797
184,284,0.07055927508117757
185,85,0.10791500968345485
185,184,0.08842180000072797
185,186,0.11964301175396011
185,285,0.09965354388892952
186,86,0.1411752095854133
186,185,0.11964301175396011
186,187,0.15471573369031932
186,286,0.13298769143075181
187,87,0.17787863887538008
187,186,0.15471573369031932
187,188,0.19281580653309421
187,287,0.16977072661911108
188,88,0.21717054318966336
188,187,0.19281580653309421
188,189,0.23306703404936946
188,288,0.2091458557079134
189,89,0.2581582266281698
189,188,0.23306703404936946
189,190,0.27457247650289907
189,289,0.25022156726315575
190,90,0.2999424492801953
190,189,0.27457247650289907
190,191,0.3164455587224724
190,290,0.29210309014114455
191,91,0.3416480777165488
191,190,0.3164455587224724
191,192,0.35783968760656093
191,291,0.3339228883073454
192,92,0.3824527189392071
192,191,0.35783968760656093
192,193,0.39797516970240704
192,292,0.374868928582093
193,93,0.42161218737877326
193,192,0.39797516970240704
193,194,0.43616237046706546
193,293,0.4142095878888914
194,94,0.4584818254866977
194,193,0.43616237046706546
194,195,0.47182025481910594
194,294,0.45131424816966403
195,95,0.49253291221396417
195,194,0.47182025481910594
195,196,0.5044896832411374
195,295,0.4856688501997497
196,96,0.5233636390993449
196,195,0.5044896832411374
196,197,0.5338410969001074
196,296,0.5168859304919039
197,97,0.550704398258788
197,196,0.5338410969001074
197,198,0.5596764958397191
197,297,0.5447089353682024
198,98,0.5744173969302091
198,197,0.5596764958397191
198,199,0.5819258826978813
198,298,0.5690108794598121
199,99,0.5944908759398441
199,198,0.5819258826978813
199,299,0.5897876787460068
200,100,0.4659631049256536
200,201,0.4729474390636594
200,300,0.47712996114140754
201,101,0.4678371377537881
201,200,0.4729474390636594
201,202,0.47512663204471817
201,301,0.4798409567155683
202,102,0.46947794241288965
202,201,0.47512663204471817
202,203,0.4771216138055506
202,302,0.48223923851066797
203,103,0.47106403336902264
203,202,0.4771216138055506
203,204,0.4791104037300833
203,303,0.4845068169656765
204,104,0.47276866278821583
204,203,0.4791104037300833
204,205,0.48126337808505637
204,304,0.4868219056633606
205,105,0.47475387576168054
205,204,0.48126337808505637
205,206,0.48373778019880936
205,305,0.4893526661239438
206,106,0.4771657935175329
206,205,0.48373778019880936
206,207,0.4866734270677715
206,306,0.49225209062853936
207,107,0.4801311314451309
207,206,0.4866734270677715
207,208,0.49018958764629383
207,307,0.49565404773851374
208,108,0.48375487942602446
208,207,0.49018958764629383
208,209,0.49438293800407984
208,308,0.4996704414407058
209,109,0.48811900659559015
209,208,0.49438293800407984
209,210,0.49932644378642854
209,309,0.5043893739000329
210,110,0.49328200496690044
210,209,0.49932644378642854
210,211,0.5050689839032212
210,310,0.5098741570623111
211,111,0.49927905870001865
211,210,0.5050689839032212
211,212,0.5116355126406689
211,311,0.5161629919723122
212,112,0.5061226190866851
212,211,0.5116355126406689
212,213,0.5190275605193988
212,312,0.5232691274218565
213,113,0.5138031789262281
213,212,0.5190275605193988
213,214,0.5272238958649607
213,313,0.5311813207786206
214,114,0.5222900718363868
214,213,0.5272238958649607
214,215,0.5361812065447356
214,314,0.5398644515875519
215,115,0.5315321688328335
215,214,0.5361812065447356
215,216,0.5458347108707147
215,315,0.5492601796187935
216,116,0.5414584018420927
216,215,0.5458347108707147
216,217,0.5560986636336496
216,316,0.5592875893432347
217,117,0.5519781065687774
217,216,0.5560986636336496
217,218,0.5668667824607693
217,317,0.5698438175771774
218,118,0.5629812398254866
218,217,0.5668667824607693
218,219,0.5780126758545454
218,318,0.5808047151605509
219,119,0.5743385835598879
219,218,0.5780126758545454
219,220,0.5893904022619947
219,319,0.5920256419691533
220,120,0.5859020942692517
220,219,0.5893904022619947
220,221,0.6008353248014877
220,320,0.6033425326606467
221,121,0.5975055879105098
221,220,0.6008353248014877
221,222,0.6121654451916886
221,321,0.6145733944005787
222,122,0.6089659634805419
222,221,0.6121654451916886
222,223,0.623183400505054
222,322,0.6255204045152156
223,123,0.6200851611443734
223,222,0.623183400505054
223,224,0.6336792864872801
223,323,0.635972763925785
224,124,0.6306530225807774
224,223,0.6336792864872801
224,225,0.6434344316948672
224,324,0.6457104310781303
225,125,0.6404511730835014
225,224,0.6434344316948672
225,226,0.6522261894397985
225,325,0.6545088120825023
226,126,0.6492579793970498
226,225,0.6522261894397985
226,227,0.6598337427274737
226,326,0.6621444185150704
227,127,0.6568545581533074
227,226,0.6598337427274737
227,228,0.6660448354890365
227,327,0.6684014286716848
228,128,0.6630317221436989
228,227,0.6660448354890365
228,229,0.6706632568619741
228,328,0.673079005921756
229,129,0.667597661405446
229,228,0.6706632568619741
229,230,0.6735168201157891
229,329,0.6759991448570308
230,130,0.6703860696112871
230,229,0.6735168201157891
230,231,0.6744655003577072
230,330,0.677014738239841
231,131,0.6712643500142921
231,230,0.6744655003577072
231,232,0.6734093315377015
231,331,0.6760174914140995
232,132,0.6701414753691557
232,231,0.6734093315377015
232,233,0.6702956190896462
232,332,0.6729452615460811
233,133,0.6669750382431601
233,232,0.6702956190896462
233,234,0.6651250044328932
233,333,0.6677883717265432
234,134,0.6617770162380238
234,233,0.6651250044328932
234,235,0.6579559248625548
234,334,0.6605944483714241
235,135,0.6546177937210172
235,234,0.6579559248625548
235,236,0.6489070488633757
235,335,0.6514713568549083
236,136,0.6456280288796943
236,235,0.6489070488633757
236,237,0.6381573326337215
236,336,0.6405878655980135
237,137,0.6349980316098539
237,236,0.6381573326337215
237,238,0.625943436819395
237,337,0.6281717518494547
238,138,0.6229744213926225
238,237,0.625943436819395
238,239,0.6125543595484868
238,338,0.6145051702756141
239,139,0.6098539605897983
239,238,0.6125543595484868
239,240,0.598323277581317
239,339,0.599917233665697
240,140,0.5959746015503007
240,239,0.598323277581317
240,241,0.5836167350739092
240,340,0.5847738974952863
241,141,0.5817039383117345
241,240,0.5836167350739092
241,242,0.5688214713409114
241,341,0.5694653895044821
242,142,0.5674254072849731
242,241,0.5688214713409114
242,243,0.554329326657911
242,342,0.554391573728609
243,143,0.5535227274029633
243,242,0.554329326657911
243,244,0.5405207999139089
243,343,0.5399457770674072
244,144,0.5403632000542009
244,243,0.5405207999139089
244,245,0.5277479454429818
244,344,0.526497727072655
245,145,0.5282805944484166
245,244,0.5277479454429818
245,246,0.5163173810353408
245,345,0.5143763443279
246,146,0.5175584175988679
246,245,0.5163173810353408
246,247,0.5064742285991808
246,346,0.5038531947900226
247,147,0.50841440400862
247,246,0.5064742285991808
247,248,0.49838781851613256
247,347,0.49512743144424154
248,148,0.5009870543954293
248,247,0.49838781851613256
248,249,0.49213995568928026
248,348,0.48831303711888174
249,149,0.4953250034776491
249,248,0.49213995568928026
249,250,0.4877164691222249
249,349,0.4834291199544496
250,150,0.49137990437258494
250,249,0.4877164691222249
250,251,0.4850026494160822
250,350,0.4803939107380649
251,151,0.4890033842966577
251,250,0.4850026494160822
251,252,0.4837830239672881
251,351,0.4790229703260167
252,152,0.48794845807085985
252,251,0.4837830239672881
252,253,0.48374573420170264
252,352,0.47903194113379516
253,153,0.48787558959513355
253,252,0.48374573420170264
253,254,0.48449157110208957
253,353,0.48004397663122944
254,154,0.48836337591493045
254,253,0.48449157110208957
254,255,0.4855475043125659
254,354,0.48160176607164207
255,155,0.4889236040736524
255,254,0.4855475043125659
255,256,0.48638431702056084
255,355,0.48318384867929554
256,156,0.4890202087832435
256,255,0.48638431702056084
256,257,0.48643774491490355
256,356,0.4842246933147425
257,157,0.48809145048377917
257,256,0.48643774491490355
257,258,0.4851323240071067
257,357,0.48413781748479795
258,158,0.4855744497065377
258,257,0.4851323240071067
258,259,0.4819069895119454
258,358,0.4823410442772298
259,159,0.4809310649833951
259,258,0.4819069895119454
259,260,0.47624134558793635
259,359,0.4782828571720085
260,160,0.47367399654898135
260,259,0.47624134558793635
260,261,0.46768145103474085
260,360,0.4714687189351174
261,161,0.46339194346529194
261,260,0.46768145103474085
261,262,0.4558639443102214
261,361,0.4614861781183459
262,162,0.4497726418772538
262,261,0.4558639443102214
262,263,0.44053736519058584
262,362,0.4480275988290231
263,163,0.43262266852522446
263,262,0.44053736519058584
263,264,0.4215796200222654
263,363,0.43090941747808553
264,164,0.4118830052185961
264,263,0.4215796200222654
264,265,0.3990106799540145
264,364,0.4100869524431642
265,165,0.3876395227119491
265,264,0.3990106799540145
265,266,0.37299979120709104
265,365,0.38566396449762785
266,166,0.3601277496427606
266,265,0.37299979120709104
266,267,0.34386670524958596
266,366,0.35789638035109944
267,167,0.3297315348211239
267,266,0.34386670524958596
267,268,0.3120766944568842
267,367,0.327189839318178
268,168,0.2969754781732302
268,267,0.3120766944568842
268,269,0.27822939357582843
268,368,0.294090992714399
269,169,0.2625112845595823
269,268,0.27822939357582843
269,270,0.2430417860985904
269,369,0.25927276448506675
270,170,0.22709847221931362
270,269,0.2430417860985904
270,271,0.20732592409121164
270,370,0.22351405651443806
271,171,0.1915801302773846
271,270,0.20732592409121164
271,272,0.17196221694905894
271,371,0.1876746397132912
272,172,0.15685465465883697
272,271,0.17196221694905894
272,273,0.13786933671748286
272,372,0.15266619965522613
273,173,0.12384458713885144
273,272,0.13786933671748286
273,274,0.10597195431802534
273,373,0.11942069183183757
274,174,0.09346382817357886
274,273,0.10597195431802534
274,275,0.07716763366459178
274,374,0.08885729701759616
275,175,0.06658458298401355
275,274,0.07716763366459178
275,276,0.052294263214153966
275,375,0.06184934466255631
276,176,0.044005427218534454
276,275,0.052294263214153966
276,277,0.03209939384679527
276,376,0.039192587329804185
277,177,0.026421841523992046
277,276,0.03209939384679527
277,278,0.017212778069784433
277,377,0.021576160656894508
278,178,0.014400464765719106
278,277,0.017212778069784433
278,279,0.008123271463175749
278,378,0.009557452959541812
279,179,0.008358157801274286
279,278,0.008123271463175749
279,280,0.005161069085939912
279,379,0.003541941280519398
280,180,0.008546760872344381
280,279,0.005161069085939912
280,281,0.008486015994023143
280,380,0.003768834118596756
281,181,0.015044177621004448
281,280,0.008486015994023143
281,282,0.018082463107725356
281,381,0.010303105415075132
282,182,0.02775213931256119
282,281,0.018082463107725356
282,283,0.03376085015358074
282,382,0.023034221756072212
283,183,0.046400707384994036
283,282,0.03376085015358074
283,284,0.055165900133051296
283,383,0.04168156865444483
284,184,0.07055927508117757
284,283,0.055165900133051296
284,285,0.08179101896937911
284,384,0.06580628637893085
285,185,0.09965354388892952
285,284,0.08179101896937911
285,286,0.11299822356572123
285,385,0.09482894524488655
286,186,0.13298769143075181
286,285,0.11299822356572123
286,287,0.14804268435954354
286,386,0.128052237974842
287,187,0.16977072661911108
287,286,0.14804268435954354
287,288,0.18610077579393025
287,387,0.16468765466397728
288,188,0.2091458557079134
288,287,0.18610077579393025
288,289,0.2263003889216997
288,388,0.20388494400835128
289,189,0.25022156726315575
289,288,0.2263003889216997
289,290,0.2677521809014013
289,389,0.2447630602110152
290,190,0.29210309014114455
290,289,0.2677521809014013
290,291,0.3095804197260176
290,390,0.2864412529164456
291,191,0.3339228883073454
291,290,0.3095804197260176
291,292,0.35095212928287745
291,391,0.3280689790636908
292,192,0.374868928582093
292,291,0.35095212928287745
292,293,0.3911033467685773
292,392,0.3688533989429978
293,193,0.4142095878888914
293,292,0.3911033467685773
293,294,0.4293614655914899
293,393,0.4080833591662472
294,194,0.45131424816966403
294,293,0.4293614655914899
294,295,0.4651628435503077
294,394,0.44514895508479746
295,195,0.4856688501997497
295,294,0.4651628435503077
295,296,0.4980650974505162
295,395,0.4795559943732749
296,196,0.5168859304919039
296,295,0.4980650974505162
296,297,0.5277537689599989
296,396,0.5109349401359085
297,197,0.5447089353682024
297,296,0.5277537689599989
297,298,0.5540433189882953
297,397,0.5390441828277746
298,198,0.5690108794598121
298,297,0.5540433189882953
298,299,0.5768726755079376
298,398,0.5637677618011021
299,199,0.5897876787460068
299,298,0.5768726755079376
299,399,0.5851079158228938
300,200,0.47712996114140754
300,301,0.4840234787933165
300,400,0.4871364005485478
301,201,0.4798409567155683
301,300,0.4840234787933165
301,302,0.48695356318151806
301,401,0.4905741061173111
302,202,0.48223923851066797
302,301,0.48695356318151806
302,303,0.48962444167079383
302,402,0.49362609697601156
303,203,0.4845068169656765
303,302,0.48962444167079383
303,304,0.49221831889895373
303,403,0.49647788439553164
304,204,0.4868219056633606
304,303,0.49221831889895373
304,305,0.49491119370224795
304,404,0.49931289471207163
305,205,0.4893526661239438
305,304,0.49491119370224795
305,306,0.49786697655367373
305,405,0.5023058331796224
306,206,0.49225209062853936
306,305,0.49786697655367373
306,307,0.5012327112992816
306,406,0.5056170725341294
307,207,0.49565404773851374
307,306,0.5012327112992816
307,308,0.5051349015329257
307,407,0.50938811739871
308,208,0.4996704414407058
308,307,0.5051349015329257
308,309,0.5096768773366589
308,408,0.5137381285394416
309,209,0.5043893739000329
309,308,0.5096768773366589
309,310,0.5149370871759154
309,409,0.5187614348324138
310,210,0.5098741570623111
310,309,0.5149370871759154
310,311,0.520968165131402
310,410,0.5245259187299494
311,211,0.5161629919723122
311,310,0.520968165131402
311,312,0.5277966067534998
311,411,0.5310721349694874
312,212,0.5232691274218565
312,311,0.5277966067534998
312,313,0.5354228876810783
312,412,0.5384130129503433
313,213,0.5311813207786206
313,312,0.5354228876810783
313,314,0.5438218765012118
313,413,0.5465340000359378
314,214,0.5398644515875519
314,313,0.5438218765012118
314,315,0.55294342466161
314,414,0.5553935242397376
315,215,0.5492601796187935
315,314,0.55294342466161
315,316,0.5627130580913137
315,415,0.5649236874786359
316,216,0.5592875893432347
316,315,0.5627130580913137
316,317,0.5730327432867626
316,416,0.5750311411393462
317,217,0.5698438175771774
317,316,0.5730327432867626
317,318,0.5837817502769589
317,417,0.5855981398404939
318,218,0.5808047151605509
318,317,0.5837817502769589
318,319,0.5948176812751587
318,418,0.5964838124623013
319,219,0.5920256419691533
319,318,0.5948176812751587
319,320,0.6059777723678054
319,419,0.6075257273014123
320,220,0.6033425326606467
320,319,0.6059777723678054
320,321,0.6170806022597377
320,420,0.6185418565287002
321,221,0.6145733944005787
321,320,0.6170806022597377
321,322,0.6279283537241056
321,421,0.6293330606175487
322,222,0.6255204045152156
322,321,0.6279283537241056
322,323,0.6383097679359465
322,422,0.6396862136589128
323,223,0.635972763925785
323,322,0.6383097679359465
323,324,0.6480039085166351
323,423,0.6493780742297468
324,224,0.6457104310781303
324,323,0.6480039085166351
324,325,0.6567848114657653
324,424,0.6581799737505782
325,225,0.6545088120825023
325,324,0.6567848114657653
325,326,0.6644270411577744
325,425,0.6658633463872652
326,226,0.6621444185150704
326,325,0.6644270411577744
326,327,0.6707121044592815
326,426,0.6722060641170691
327,227,0.6684014286716848
327,326,0.6707121044592815
327,328,0.6754355991044042
327,427,0.6769994713149274
328,228,0.673079005921756
328,327,0.6754355991044042
328,329,0.6784148939168124
328,428,0.6800559397611834
329,229,0.6759991448570308
329,328,0.6784148939168124
329,330,0.6794970629810828
329,429,0.6812166925978991
330,230,0.677014738239841
330,329,0.6794970629810828
330,331,0.6785667292962332
330,430,0.6803595800366807
331,231,0.6760174914140995
331,330,0.6785667292962332
331,332,0.675553421422479
331,431,0.6774064360505215
332,232,0.6729452615460811
332,331,0.675553421422479
332,333,0.6704380141829781
332,432,0.6723296089304154
333,233,0.6677883717265432
333,332,0.6704380141829781
333,334,0.6632578156650741
333,433,0.6651572437218216
334,234,0.6605944483714241
334,333,0.6632578156650741
334,335,0.6541098803637777
334,434,0.6559769043246058
335,235,0.6514713568549083
335,334,0.6541098803637777
335,336,0.6431521735895461
335,435,0.6449371592087181
336,236,0.6405878655980135
336,335,0.6431521735895461
336,337,0.6306022848137467
336,436,0.6322468174633018
337,237,0.6281717518494547
337,336,0.6306022848137467
337,338,0.6167334853056738
337,437,0.6181715897900306
338,238,0.6145051702756141
338,337,0.6167334853056738
338,339,0.6018680443928244
338,438,0.6030280589398086
339,239,0.599917233665697
339,338,0.6018680443928244
339,340,0.5863678535796661
339,439,0.5871749712839696
340,240,0.5847738974952863
340,339,0.5863678535796661
340,341,0.5706225519258592
340,440,0.5710019996594056
341,241,0.5694653895044821
341,340,0.5706225519258592
341,342,0.5550354918921798
341,441,0.5549162702217876
342,242,0.554391573728609
342,341,0.5550354918921798
342,343,0.5400080241381051
342,442,0.5393270849784665
343,243,0.5399457770674072
343,342,0.5400080241381051
343,344,0.5259227042261532
343,443,0.5246293988799116
344,244,0.526497727072655
344,343,0.5259227042261532
344,345,0.5131261259575732
344,444,0.5111867179413543
345,245,0.5143763443279
345,344,0.5131261259575732
345,346,0.5019121580825818
345,445,0.4993141656136648
346,246,0.5038531947900226
346,345,0.5019121580825818
346,347,0.49250639763508336
346,446,0.48926251239194624
347,247,0.49512743144424154
347,346,0.49250639763508336
347,348,0.4850526500469907
347,447,0.4812039738072328
348,248,0.48831303711888174
348,347,0.4850526500469907
348,349,0.47960220138405113
348,448,0.47522055168304866
349,249,0.4834291199544496
349,348,0.47960220138405113
349,350,0.4761065615702897
349,449,0.47129562211069664
350,250,0.4803939107380649
350,349,0.4761065615702897
350,351,0.47441423164799945
350,450,0.46930936245548993
351,251,0.4790229703260167
351,350,0.47441423164799945
351,352,0.4742718874925237
351,451,0.46903846250710823
352,252,0.47903194113379516
352,351,0.4742718874925237
352,353,0.4753301835633219
352,452,0.47016038738251836
353,253,0.48004397663122944
353,352,0.4753301835633219
353,354,0.4771541716007819
353,453,0.4722622595960194
354,254,0.48160176607164207
354,353,0.4771541716007819
354,355,0.4792381104383718
354,454,0.4748542139687639
355,255,0.48318384867929554
355,354,0.4792381104383718
355,356,0.4810242249734772
355,455,0.47738686198947666
356,256,0.4842246933147425
356,355,0.4810242249734772
356,357,0.4819247658846369
356,456,0.47927229267002414
357,257,0.48413781748479795
357,356,0.4819247658846369
357,358,0.48134653775492103
357,457,0.47990784570095535
358,258,0.4823410442772298
358,357,0.48134653775492103
358,359,0.47871691193729293
358,458,0.47870173009332956
359,259,0.4782828571720085
359,358,0.47871691193729293
359,360,0.47351023051918956
359,459,0.4750994366778234
360,260,0.4714687189351174
360,359,0.47351023051918956
360,361,0.46527344601872245
360,460,0.46860981338169594
361,261,0.4614861781183459
361,360,0.46527344601872245
361,362,0.4536498326371476
361,461,0.45882964361478684
362,262,0.4480275988290231
362,361,0.4536498326371476
362,363,0.4383996511165228
362,462,0.44546559345356074
363,263,0.43090941747808553
363,362,0.4383996511165228
363,364,0.4194167498989843
363,463,0.4283524730682582
364,264,0.4100869524431642
364,363,0.4194167498989843
364,365,0.39674023698677746
364,464,0.4074668897166222
365,265,0.38566396449762785
365,364,0.39674023698677746
365,366,0.3705605536416362
365,465,0.38293554867568325
366,266,0.35789638035109944
366,365,0.3705605536416362
366,367,0.34121951441969145
366,466,0.35503767726268864
367,267,0.327189839318178
367,366,0.34121951441969145
367,368,0.3092041375756928
367,467,0.3242012960096954
368,268,0.294090992714399
368,367,0.3092041375756928
368,369,0.27513436362363725
368,468,0.29099332879119655
369,269,0.25927276448506675
369,368,0.27513436362363725
369,370,0.2397450349009144
369,469,0.2561038177758901
370,270,0.22351405651443806
370,369,0.2397450349009144
370,371,0.20386277213651763
370,470,0.22032477643909093
371,271,0.1876746397132912
371,370,0.20386277213651763
371,372,0.1683786224194584
371,471,0.18452446158201385
372,272,0.15266619965522613
372,371,0.1683786224194584
372,373,0.13421755476958083
372,472,0.1496180611611272
373,273,0.11942069183183757
373,372,0.13421755476958083
373,374,0.10230603453140838
373,473,0.11653596791929322
374,274,0.08885729701759616
374,373,0.10230603453140838
374,375,0.07353900801556068
374,474,0.08619093046302351
375,275,0.06184934466255631
375,374,0.07353900801556068
375,376,0.04874766877820652
375,475,0.059445437101059345
376,276,0.039192587329804185
376,375,0.04874766877820652
376,377,0.028669354139903416
376,476,0.03708068977953513
377,277,0.021576160656894508
377,376,0.028669354139903416
377,378,0.013920835546651883
377,477,0.01976846514102955
378,278,0.009557452959541812
378,377,0.013920835546651883
378,379,0.00497612277688546
378,478,0.008047039477953433
379,279,0.003541941280519398
379,378,0.00497612277688546
379,380,0.0021497063131762414
379,479,0.002302179487708999
380,280,0.003768834118596756
380,379,0.0021497063131762414
380,381,0.005585923539648745
380,480,0.0027539793284731824
381,281,0.010303105415075132
381,380,0.005585923539648745
381,382,0.015254864063421985
381,481,0.009450066911713524
382,282,0.023034221756072212
382,381,0.015254864063421985
382,383,0.0309549402569363
382,482,0.022265420863190048
383,283,0.04168156865444483
383,382,0.0309549402569363
383,384,0.052321954900324374
383,483,0.040908747565334545
384,284,0.06580628637893085
384,383,0.052321954900324374
384,385,0.07884421265443828
384,484,0.0649350791309066
385,285,0.09482894524488655
385,384,0.07884421265443828
385,386,0.10988295965400732
385,485,0.09376398186085805
386,286,0.128052237974842
386,385,0.10988295965400732
386,387,0.1446972082792757
386,486,0.12670252366165802
387,287,0.16468765466397728
387,386,0.1446972082792757
387,388,0.1824718228783983
387,487,0.16297194948025678
388,288,0.20388494400835128
388,387,0.1824718228783983
388,389,0.22234761529766678
388,488,0.20173686540878433
389,289,0.2447630602110152
389,388,0.22234761529766678
389,390,0.26345213222605957
389,489,0.2421356415042949
390,290,0.2864412529164456
390,389,0.26345213222605957
390,391,0.30492981225411886
390,490,0.2833107144474152
391,291,0.3280689790636908
391,390,0.30492981225411886
391,392,0.34597024872381116
391,491,0.3244375047214162
392,292,0.3688533989429978
392,391,0.34597024872381116
392,393,0.38583341134066773
392,492,0.36475075670173673
393,293,0.4080833591662472
393,392,0.38583341134066773
393,394,0.4238708486595547
393,493,0.4035672585862402
394,294,0.44514895508479746
394,393,0.4238708486595547
394,395,0.4595421059077646
394,494,0.4403040944451671
395,295,0.4795559943732749
395,394,0.4595421059077646
395,396,0.49242583705866727
395,495,0.47449181252490724
396,296,0.5109349401359085
396,395,0.49242583705866727
396,397,0.5222253540036841
396,496,0.5057821502639391
397,297,0.5390441828277746
397,396,0.5222253540036841
397,398,0.5487686256405813
397,497,0.5339502241306522
398,298,0.5637677618011021
