u,v,cost
0,1,0.6693821145276653
0,100,0.6724271236058446
1,0,0.6693821145276653
1,2,0.6691536500323134
1,101,0.6724583407508252
2,1,0.6691536500323134
2,3,0.6688806264227792
2,102,0.6724407717850001
3,2,0.6688806264227792
3,4,0.6685621106987062
3,103,0.6723739235955135
4,3,0.6685621106987062
4,5,0.6681918044674633
4,104,0.6722520672400599
5,4,0.6681918044674633
5,6,0.6677581341630514
5,105,0.6720643410741999
6,5,0.6677581341630514
6,7,0.6672443709040385
6,106,0.6717948792642321
7,6,0.6672443709040385
7,8,0.6666287808608762
7,107,0.6714229655861773
8,7,0.6666287808608762
8,9,0.665884808062807
8,108,0.6709232136045427
9,8,0.665884808062807
9,10,0.6649812925201154
9,109,0.6702657754348813
10,9,0.6649812925201154
10,11,0.6638827273222146
10,110,0.6694165822714048
11,10,0.6638827273222146
11,12,0.6625495589543677
11,111,0.6683376206585951
12,11,0.6625495589543677
12,13,0.6609385354202884
12,112,0.6669872490628639
13,12,0.6609385354202884
13,14,0.6590031068362625
13,113,0.665320559622689
14,13,0.6590031068362625
14,15,0.6566938829548312
14,114,0.6632897899967639
15,14,0.6566938829548312
15,16,0.6539591515714929
15,115,0.6608447899718102
16,15,0.6539591515714929
16,17,0.650745460964623
16,116,0.6579335469263266
17,16,0.650745460964623
17,18,0.646998268424948
17,117,0.6545027733748444
18,17,0.646998268424948
18,19,0.642662655564046
18,118,0.6504985586504572
19,18,0.642662655564046
19,20,0.6376841094783696
19,119,0.645867085342142
20,19,0.6376841094783696
20,21,0.6320093670219313
20,120,0.6405554094179626
21,20,0.6320093670219313
21,22,0.6255873174507469
21,121,0.6345123010744942
22,21,0.6255873174507469
22,23,0.6183699565959804
22,122,0.6276891413034351
23,22,0.6183699565959804
23,24,0.6103133835569685
23,123,0.6200408670118028
24,23,0.6103133835569685
24,25,0.6013788287406496
24,124,0.6115269553312812
25,24,0.6013788287406496
25,26,0.5915336999740093
25,125,0.6021124355680166
26,25,0.5915336999740093
26,27,0.5807526314458297
26,126,0.5917689151416945
27,26,0.5807526314458297
27,28,0.5690185184576086
27,127,0.580475603908039
28,27,0.5690185184576086
28,29,0.556323519443137
28,128,0.5682203195168549
29,28,0.556323519443137
29,30,0.542670005510099
29,129,0.5550004549905054
30,29,0.542670005510099
30,31,0.5280714369178618
30,130,0.5408238885729396
31,30,0.5280714369178618
31,32,0.5125531454789
31,131,0.5257098151485662
32,31,0.5125531454789
32,33,0.4961530018941872
32,132,0.509689478207285
33,32,0.4961530018941872
33,34,0.4789219475327502
33,133,0.4928067814717406
34,33,0.4789219475327502
34,35,0.4609243711591543
34,134,0.4751187599300656
35,34,0.4609243711591543
35,36,0.4422383126052179
35,135,0.4566958911457082
36,35,0.4422383126052179
36,37,0.4229554773670548
36,136,0.43762222934721107
37,36,0.4229554773670548
37,38,0.40318104856675646
37,137,0.4179953469247393
38,37,0.40318104856675646
38,39,0.38303328561870575
38,138,0.3979260705540948
39,38,0.38303328561870575
39,40,0.36264290224097995
39,139,0.37753800219808464
40,39,0.36264290224097995
40,41,0.3421522200988037
40,140,0.3569668186530026
41,40,0.3421522200988037
41,42,0.321714098295667
41,141,0.3363593470571982
42,41,0.321714098295667
42,43,0.30149064306568935
42,142,0.3158724177919629
43,42,0.30149064306568935
43,44,0.28165170628774583
43,143,0.29567150040633455
44,43,0.28165170628774583
44,45,0.262373185751561
44,144,0.2759291325039086
45,44,0.262373185751561
45,46,0.24383514436814654
45,145,0.25682315585296606
46,45,0.24383514436814654
46,47,0.22621976963924312
46,146,0.23853477822929806
47,46,0.22621976963924312
47,48,0.20970919859037784
47,147,0.22124648358069632
48,47,0.20970919859037784
48,49,0.1944832369393665
48,148,0.20513981692034305
49,48,0.1944832369393665
49,50,0.18071700443026492
49,149,0.19039307382331488
50,49,0.18071700443026492
50,51,0.16857854093174354
50,150,0.17717892743069563
51,50,0.16857854093174354
51,52,0.15822641000658916
51,151,0.16566202838105004
52,51,0.15822641000658916
52,53,0.1498073381433065
52,152,0.15599661501946188
53,52,0.1498073381433065
53,54,0.14345392865093842
53,153,0.14832417252075303
54,53,0.14345392865093842
54,55,0.13928248931645956
54,154,0.14277118015880008
55,54,0.13928248931645956
55,56,0.13739101228658557
55,155,0.13944698582412662
56,55,0.13739101228658557
56,57,0.13785734325369442
56,156,0.13844184601790532
57,56,0.13785734325369442
57,58,0.14073757490516314
57,157,0.13982516792784994
58,57,0.14073757490516314
58,59,0.14606469675876677
58,158,0.14364398783159504
59,58,0.14606469675876677
59,60,0.1538475299913012
59,159,0.1499217170030252
60,59,0.1538475299913012
60,61,0.16406997172559817
60,160,0.15865718255910324
61,60,0.16406997172559817
61,62,0.17669056853905252
61,161,0.16982398633619633
62,61,0.17669056853905252
62,63,0.19164243377409496
62,162,0.18337019999689175
63,62,0.19164243377409496
63,64,0.2088335176586852
63,163,0.19921840922446304
64,63,0.2088335176586852
64,65,0.22814723338362117
64,164,0.21726611415738478
65,64,0.22814723338362117
65,66,0.2494434362418622
65,165,0.23738648725457992
66,65,0.2494434362418622
66,67,0.2725597468275105
66,166,0.25942948367478713
67,66,0.2725597468275105
67,68,0.2973132032362522
67,167,0.283223293116844
68,67,0.2973132032362522
68,69,0.32350222132364637
68,168,0.30857611602075696
69,68,0.32350222132364637
69,70,0.35090883647988236
69,169,0.33527824119133387
70,69,0.35090883647988236
70,71,0.3793011951826979
70,170,0.36310439639376935
71,70,0.3793011951826979
71,72,0.40843625990095656
71,171,0.39181633839593555
72,71,0.40843625990095656
72,73,0.4380626868380692
72,172,0.42116564440024173
73,72,0.4380626868380692
73,74,0.4679238326142972
73,173,0.45089666291414837
74,73,0.4679238326142972
74,75,0.49776084336451354
74,174,0.48074957893674874
75,74,0.49776084336451354
75,76,0.5273157779331774
75,175,0.5104635459596141
76,75,0.5273157779331774
76,77,0.5563347159251697
76,176,0.5397798357487967
77,76,0.5563347159251697
77,78,0.5845708013467573
77,177,0.5684449562303993
78,77,0.5845708013467573
78,79,0.6117871734545794
78,178,0.596213688066098
79,78,0.6117871734545794
79,80,0.6377597382132993
79,179,0.6228519916810069
80,79,0.6377597382132993
80,81,0.662279736417426
80,180,0.6481397385796106
81,80,0.662279736417426
81,82,0.6851560680150091
81,181,0.6718732237233591
82,81,0.6851560680150091
82,83,0.7062173364187054
82,182,0.6938674194954498
83,82,0.7062173364187054
83,84,0.7253135815254736
83,183,0.7139579362771251
84,83,0.7253135815254736
84,85,0.7423176756978787
84,184,0.7320026598228082
85,84,0.7423176756978787
85,86,0.7571263629830787
85,185,0.7478830413519875
86,85,0.7571263629830787
86,87,0.7696609282448649
86,186,0.7615050224653165
87,86,0.7696609282448649
87,88,0.779867489536261
87,187,0.7727995835224342
88,87,0.779867489536261
88,89,0.7877169138160436
88,188,0.7817229108635715
89,88,0.7877169138160436
89,90,0.7932043628798711
89,189,0.7882561850851173
90,89,0.7932043628798711
90,91,0.7963484830028682
90,190,0.7924049993578868
91,90,0.7963484830028682
91,92,0.7971902581451811
91,191,0.7941984233729753
92,91,0.7971902581451811
92,93,0.7957915525299275
92,192,0.793687734784462
93,92,0.7957915525299275
93,94,0.7922333738464457
93,193,0.7909448458669892
94,93,0.7922333738464457
94,95,0.7866138931532884
94,194,0.7860604584043991
95,94,0.7866138931532884
95,96,0.779046261659796
95,195,0.7791419844687082
96,95,0.779046261659796
96,97,0.7696562678715546
96,196,0.7703112746455592
97,96,0.7696562678715546
97,98,0.7585798810288731
97,197,0.7597021983366652
98,97,0.7585798810288731
98,99,0.7459607283013823
98,198,0.747458122961926
99,98,0.7459607283013823
99,199,0.7337293401522351
100,0,0.6724271236058446
100,101,0.6755033498290045
100,200,0.6781607429526442
101,1,0.6724583407508252
101,100,0.6755033498290045
101,102,0.6757454625035118
101,201,0.6786701575402418
102,2,0.6724407717850001
102,101,0.6757454625035118
102,103,0.6759340689577342
102,202,0.6791241090272027
103,3,0.6723739235955135
103,102,0.6759340689577342
103,104,0.6760638801368672
103,203,0.679517667323932
104,4,0.6722520672400599
104,103,0.6760638801368672
104,105,0.6761246038467965
104,204,0.6798410146612344
105,5,0.6720643410741999
105,104,0.6761246038467965
105,106,0.6761010861753805
105,205,0.6800796010526506
106,6,0.6717948792642321
106,105,0.6761010861753805
106,107,0.6759734739463708
106,206,0.6802143167464835
107,7,0.6714229655861773
107,106,0.6759734739463708
107,108,0.6757173983298439
107,207,0.6802216807943025
108,8,0.6709232136045427
108,107,0.6757173983298439
108,109,0.6753041809766169
108,208,0.680074046234484
109,9,0.6702657754348813
109,108,0.6753041809766169
109,110,0.6747010651861707
109,209,0.6797398236920347
110,10,0.6694165822714048
110,109,0.6747010651861707
110,111,0.6738714756077853
110,210,0.6791837263752432
111,11,0.6683376206585951
111,110,0.6738714756077853
111,112,0.6727753107670913
111,211,0.6783670404552188
112,12,0.6669872490628639
112,111,0.6727753107670913
112,113,0.6713692732652645
112,212,0.6772479256008583
113,13,0.665320559622689
113,112,0.6713692732652645
113,114,0.6696072427831904
113,213,0.6757817509706434
114,14,0.6632897899967639
114,113,0.6696072427831904
114,115,0.667440697013743
114,214,0.6739214722032602
115,15,0.6608447899718102
115,114,0.667440697013743
115,116,0.664819185326644
115,215,0.6716180548791828
116,16,0.6579335469263266
116,115,0.664819185326644
116,117,0.661690859336548
116,216,0.6688209495326749
117,17,0.6545027733748444
117,116,0.661690859336548
117,118,0.6580030636003537
117,217,0.6654786225755003
118,18,0.6504985586504572
118,117,0.6580030636003537
118,119,0.6537029884285532
118,218,0.6615391464577329
119,19,0.645867085342142
119,118,0.6537029884285532
119,120,0.648738385281735
119,219,0.6569508510551814
120,20,0.6405554094179626
120,119,0.648738385281735
120,121,0.6430583434705255
120,220,0.6516630366647977
121,21,0.6345123010744942
121,120,0.6430583434705255
121,122,0.6366141249271825
121,221,0.6456267471459658
122,22,0.6276891413034351
122,121,0.6366141249271825
122,123,0.6293600517192575
122,222,0.6387955997121504
123,23,0.6200408670118028
123,122,0.6293600517192575
123,124,0.6212544387861155
123,223,0.631126665706782
124,24,0.6115269553312812
124,123,0.6212544387861155
124,125,0.6122605621586482
124,224,0.6225813944483368
125,25,0.6021124355680166
125,124,0.6122605621586482
125,126,0.6023476507357017
125,225,0.6131265699658949
126,26,0.5917689151416945
126,125,0.6023476507357017
126,127,0.5914918876039037
126,226,0.6027352882345303
127,27,0.580475603908039
127,126,0.5914918876039037
127,128,0.5796774049672853
127,227,0.5913879404277299
128,28,0.5682203195168549
128,127,0.5796774049672853
128,129,0.5668972550642235
128,228,0.5790731857990865
129,29,0.5550004549905054
129,128,0.5668972550642235
129,130,0.5531543380533461
129,229,0.5657888961531234
130,30,0.5408238885729396
130,129,0.5531543380533461
130,131,0.538462266803644
130,230,0.5515430525265875
131,31,0.5257098151485662
131,130,0.538462266803644
131,132,0.5228461478769513
131,231,0.5363545737325577
132,32,0.509689478207285
132,131,0.5228461478769513
132,133,0.5063432577848385
132,232,0.5202540558686111
133,33,0.4928067814717406
133,132,0.5063432577848385
133,134,0.489003593869056
133,233,0.5032844017967237
134,34,0.4751187599300656
134,133,0.489003593869056
134,135,0.47089027991661947
134,234,0.4855013199962167
135,35,0.4566958911457082
135,134,0.47089027991661947
135,136,0.45207980788770136
135,235,0.46697367309054916
136,36,0.43762222934721107
136,135,0.45207980788770136
136,137,0.43266209890489554
136,236,0.447783657760897
137,37,0.4179953469247393
137,136,0.43266209890489554
137,138,0.4127403689120776
137,237,0.4280267996787906
138,38,0.3979260705540948
138,137,0.4127403689120776
138,139,0.3924307871334737
138,238,0.4078117494985124
139,39,0.37753800219808464
139,138,0.3924307871334737
139,140,0.37186191861010737
139,239,0.38725986881694885
140,40,0.3569668186530026
140,139,0.37186191861010737
140,141,0.35117394561139714
140,240,0.3665045982914553
141,41,0.3363593470571982
141,140,0.35117394561139714
141,142,0.3305176665534941
141,241,0.345690603750918
142,42,0.3158724177919629
142,141,0.3305176665534941
142,143,0.3100532751326081
142,242,0.3249727000769358
143,43,0.29567150040633455
143,142,0.3100532751326081
143,144,0.2899489266224974
143,243,0.3045145567970018
144,44,0.2759291325039086
144,143,0.2899489266224974
144,145,0.2703791026053137
144,244,0.284487193638023
145,45,0.25682315585296606
145,144,0.2703791026053137
145,146,0.25152278971411757
145,245,0.265067278648634
146,46,0.23853477822929806
146,145,0.25152278971411757
146,147,0.23356149217075126
146,246,0.24643524582042153
147,47,0.22124648358069632
147,146,0.23356149217075126
147,148,0.21667710191066153
147,247,0.22877325332703122
148,48,0.20513981692034305
148,147,0.21667710191066153
148,149,0.20104965380429146
148,248,0.21226300746155258
149,49,0.19039307382331488
149,148,0.20104965380429146
149,150,0.18685499682374562
149,249,0.1970834809940844
150,50,0.17717892743069563
150,149,0.18685499682374562
150,151,0.17426241488000216
150,250,0.18340855790433314
151,51,0.16566202838105004
151,150,0.17426241488000216
151,152,0.16343223339392277
151,251,0.17140463918631196
152,52,0.15599661501946188
152,151,0.16343223339392277
152,153,0.15451344939690842
152,252,0.1612282465994225
153,53,0.14832417252075303
153,152,0.15451344939690842
153,154,0.1476414240286147
153,253,0.15302366278838492
154,54,0.14277118015880008
154,153,0.1476414240286147
154,155,0.14293567666646712
154,254,0.14692064706106606
155,55,0.13944698582412662
155,154,0.14293567666646712
155,156,0.14049781955544635
155,255,0.14303226625895185
156,56,0.13844184601790532
156,155,0.14049781955544635
156,157,0.14040967069206084
156,256,0.14145287955459904
157,57,0.13982516792784994
157,156,0.14040967069206084
157,158,0.14273158085428184
157,257,0.14225631465391347
158,58,0.14364398783159504
158,157,0.14273158085428184
158,159,0.1475010080758535
158,258,0.14549427077409294
159,59,0.1499217170030252
159,158,0.1475010080758535
159,160,0.15473136957082725
159,259,0.15119498093204528
160,60,0.15865718255910324
160,159,0.15473136957082725
160,161,0.16441119716970137
160,260,0.1593621625502108
161,61,0.16982398633619633
161,160,0.16441119716970137
161,162,0.17650361779403553
161,261,0.1699742812193515
162,62,0.18337019999689175
162,161,0.17650361779403553
162,163,0.19094617544725984
162,262,0.18298414771789703
163,63,0.19921840922446304
163,162,0.19094617544725984
163,164,0.20765100572316258
163,263,0.1983188631548196
164,64,0.21726611415738478
164,163,0.20765100572316258
164,165,0.22650536802834353
164,264,0.215880121469619
165,65,0.23738648725457992
165,164,0.22650536802834353
165,166,0.24737253468750486
165,265,0.23554487259076617
166,66,0.25942948367478713
166,165,0.24737253468750486
166,167,0.27009302996412066
166,266,0.25716634343268935
167,67,0.283223293116844
167,166,0.27009302996412066
167,168,0.2944862059013488
167,267,0.28057540771709144
168,68,0.30857611602075696
168,167,0.2944862059013488
168,169,0.32035213588844447
168,268,0.30558228945628496
169,69,0.33527824119133387
169,168,0.32035213588844447
169,170,0.34747380110522086
169,269,0.3319785789548745
170,70,0.36310439639376935
170,169,0.34747380110522086
170,171,0.375619539607007
170,270,0.3595395344905056
171,71,0.39181633839593555
171,170,0.375619539607007
171,172,0.40454572289522067
171,271,0.38802663753968425
172,72,0.42116564440024173
172,171,0.40454572289522067
172,173,0.4339996204763209
172,272,0.41719036462959513
173,73,0.45089666291414837
173,172,0.4339996204763209
173,174,0.4637224092365999
173,273,0.4467731347214189
174,74,0.48074957893674874
174,173,0.4637224092365999
174,175,0.4934522815318493
174,274,0.47651238755400116
175,75,0.5104635459596141
175,174,0.4934522815318493
175,176,0.5229276037752334
175,275,0.5061437456750387
176,76,0.5397798357487967
176,175,0.5229276037752334
176,177,0.5518900760540262
176,276,0.535404211021796
177,77,0.5684449562303993
177,176,0.5518900760540262
177,178,0.5800878429497398
177,277,0.5640353459302716
178,78,0.596213688066098
178,177,0.5800878429497398
178,179,0.6072785062925254
178,278,0.5917863883789483
179,79,0.6228519916810069
179,178,0.6072785062925254
179,180,0.6332319920473182
179,279,0.6184172521212099
180,80,0.6481397385796106
180,179,0.6332319920473182
180,181,0.6577332258855437
180,280,0.6437013641211311
181,81,0.6718732237233591
181,180,0.6577332258855437
181,182,0.6805845752038
181,281,0.6674282943543699
182,82,0.6938674194954498
182,181,0.6805845752038
182,183,0.7016080193538696
182,282,0.6894061365249434
183,83,0.7139579362771251
183,182,0.7016080193538696
183,184,0.7206470145744597
183,283,0.7094636025182786
184,84,0.7320026598228082
184,183,0.7206470145744597
184,185,0.7375680254769172
184,284,0.7274517983834317
185,85,0.7478830413519875
185,184,0.7375680254769172
185,186,0.7522617008342254
185,285,0.7432456552206123
186,86,0.7615050224653165
186,185,0.7522617008342254
186,187,0.7646436777428858
186,286,0.7567449944390365
187,87,0.7727995835224342
187,186,0.7646436777428858
187,188,0.7746550048497446
187,287,0.7678752133289307
188,88,0.7817229108635715
188,187,0.7746550048497446
188,189,0.7822621821326452
188,288,0.7765875836360092
189,89,0.7882561850851173
189,188,0.7822621821326452
189,190,0.7874568215631329
189,289,0.7828591627067782
190,90,0.7924049993578868
190,189,0.7874568215631329
190,191,0.7902549397279939
190,290,0.7866923236552696
191,91,0.7941984233729753
191,190,0.7902549397279939
191,192,0.7906959000122562
191,291,0.7881139177521651
192,92,0.793687734784462
192,191,0.7906959000122562
192,193,0.7888410281215237
192,292,0.7871740887241433
193,93,0.7909448458669892
193,192,0.7888410281215237
193,194,0.7847719304249428
193,293,0.7839447647476596
194,94,0.7860604584043991
194,193,0.7847719304249428
194,195,0.7785885497198188
194,294,0.7785178595080644
195,95,0.7791419844687082
195,194,0.7785885497198188
195,196,0.7704069974544714
195,295,0.7710032186626462
196,96,0.7703112746455592
196,195,0.7704069974544714
196,197,0.7603572051106697
196,296,0.761526352297917
197,97,0.7597021983366652
197,196,0.7603572051106697
197,198,0.748580440269718
197,297,0.7502259974245975
198,98,0.747458122961926
198,197,0.748580440269718
198,199,0.7352267348127789
198,298,0.7372515571417777
199,99,0.7337293401522351
199,198,0.7352267348127789
199,299,0.7227604647755822
200,100,0.6781607429526442
200,201,0.6813275506638816
200,300,0.6835785314240401
201,101,0.6786701575402418
201,200,0.6813275506638816
201,202,0.6820488040639328
201,301,0.6845705778817541
202,102,0.6791241090272027
202,201,0.6820488040639328
202,203,0.6827077073934004
202,302,0.6855005607438451
203,103,0.679517667323932
203,202,0.6827077073934004
203,204,0.6832948018482992
203,303,0.6863593322765693
204,104,0.6798410146612344
204,203,0.6832948018482992
204,205,0.6837960118670886
204,304,0.687133229081658
205,105,0.6800796010526506
205,204,0.6837960118670886
205,206,0.6841928316237537
205,305,0.687804273486359
206,106,0.6802143167464835
206,205,0.6841928316237537
206,207,0.6844625235944152
206,306,0.6883503831914404
207,107,0.6802216807943025
207,206,0.6844625235944152
207,208,0.6845783286989426
207,307,0.6887455876566086
208,108,0.680074046234484
208,207,0.6845783286989426
208,209,0.6845096889499018
208,308,0.6889602512563239
209,109,0.6797398236920347
209,208,0.6845096889499018
209,210,0.6842224848811072
209,309,0.6889613047348526
210,110,0.6791837263752432
210,209,0.6842224848811072
210,211,0.6836792912226767
210,310,0.6887124878693379
211,111,0.6783670404552188
211,210,0.6836792912226767
211,212,0.6828396552889858
211,311,0.68817460745935
212,112,0.6772479256008583
212,211,0.6828396552889858
212,213,0.6816604033062372
212,312,0.6873058157514034
213,113,0.6757817509706434
213,212,0.6816604033062372
213,214,0.6800959803907132
213,313,0.6860619151345002
214,114,0.6739214722032602
214,213,0.6800959803907132
214,215,0.6780988300687001
214,314,0.6843966953729967
215,115,0.6716180548791828
215,214,0.6780988300687001
215,216,0.6756198190852138
215,315,0.6822623097499108
216,116,0.6688209495326749
216,215,0.6756198190852138
216,217,0.6726087127716273
216,316,0.6796096962607684
217,117,0.6654786225755003
217,216,0.6726087127716273
217,218,0.6690147054328797
217,317,0.6763890494192284
218,118,0.6615391464577329
218,217,0.6690147054328797
218,219,0.6647870090843611
218,318,0.6725503473154801
219,119,0.6569508510551814
219,218,0.6647870090843611
219,220,0.6598755024382441
219,319,0.6680439373217925
220,120,0.6516630366647977
220,219,0.6598755024382441
220,221,0.6542314403402381
220,320,0.6628211822922548
221,121,0.6456267471459658
221,220,0.6542314403402381
221,222,0.6478082219309338
221,321,0.6568351672907432
222,122,0.6387955997121504
222,221,0.6478082219309338
222,223,0.6405622136996749
222,322,0.6500414648470617
223,123,0.631126665706782
223,222,0.6405622136996749
223,224,0.6324536213690033
223,323,0.6423989545381752
224,124,0.6225813944483368
224,223,0.6324536213690033
224,225,0.6234474022555835
224,324,0.6338706903788351
225,125,0.6131265699658949
225,224,0.6234474022555835
225,226,0.6135142074647234
225,325,0.6244248071479176
226,126,0.6027352882345303
226,225,0.6135142074647234
226,227,0.6026313410583564
226,326,0.6140354544417967
227,127,0.5913879404277299
227,226,0.6026313410583564
227,228,0.5907837212595313
227,327,0.6026837450040888
228,128,0.5790731857990865
228,227,0.5907837212595313
228,229,0.5779648268879866
228,328,0.5903587018024834
229,129,0.5657888961531234
229,228,0.5779648268879866
229,230,0.564177610626365
229,329,0.5770581864767819
230,130,0.5515430525265875
230,229,0.564177610626365
230,231,0.5494353594555013
230,330,0.5627897902328638
231,131,0.5363545737325577
231,230,0.5494353594555013
231,232,0.5337624817242176
231,331,0.5475716670649444
232,132,0.5202540558686111
232,231,0.5337624817242176
232,233,0.5171951998804964
232,332,0.5314332884061786
233,133,0.5032844017967237
233,232,0.5171951998804964
233,234,0.49978212792388443
233,333,0.5144160979797601
234,134,0.4855013199962167
234,233,0.49978212792388443
234,235,0.4815847131701463
234,334,0.49657404578386904
235,135,0.46697367309054916
235,234,0.4815847131701463
235,236,0.4626775229637448
235,335,0.47797398081765896
236,136,0.447783657760897
236,235,0.4626775229637448
236,237,0.44314835853479206
236,336,0.4586958833537326
237,137,0.4280267996787906
237,236,0.44314835853479206
237,238,0.4230981802652254
237,337,0.43883291928445584
238,138,0.4078117494985124
238,237,0.4230981802652254
238,239,0.40264083118198757
238,338,0.4184913013013726
239,139,0.38725986881694885
239,238,0.40264083118198757
239,240,0.38190254849829675
239,339,0.3977899443824763
240,140,0.3665045982914553
240,239,0.38190254849829675
240,241,0.3610212564309761
240,340,0.37685990622207605
241,141,0.345690603750918
241,240,0.3610212564309761
241,242,0.34014563727435965
241,341,0.35584360679142135
242,142,0.3249727000769358
242,241,0.34014563727435965
242,243,0.31943398174132953
242,342,0.3348938251029505
243,143,0.3045145567970018
243,242,0.31943398174132953
243,244,0.2990528238125275
243,343,0.3141724753948435
244,144,0.284487193638023
244,243,0.2990528238125275
244,245,0.27917536968134327
244,344,0.2938491692748437
245,145,0.265067278648634
245,244,0.27917536968134327
245,246,0.25997973475493796
245,345,0.27409957477548413
246,146,0.24643524582042153
246,245,0.25997973475493796
246,247,0.2416470069767015
246,346,0.2551035876843149
247,147,0.22877325332703122
247,246,0.2416470069767015
247,248,0.22435915887792227
247,347,0.237043334826832
248,148,0.21226300746155258
248,247,0.22435915887792227
248,249,0.20829683465134555
248,348,0.22010103309992374
249,149,0.1970834809940844
249,248,0.20829683465134555
249,250,0.19363704207467192
249,349,0.204456731884464
250,150,0.18340855790433314
250,249,0.19363704207467192
250,251,0.18055078221064297
250,350,0.1902859699151614
251,151,0.17140463918631196
251,250,0.18055078221064297
251,252,0.1692006523918117
251,351,0.17775738066758157
252,152,0.1612282465994225
252,251,0.1692006523918117
252,253,0.15973845999089897
252,352,0.16703028275756304
253,153,0.15302366278838492
253,252,0.15973845999089897
253,254,0.1523028858208363
253,353,0.1582522936678773
254,154,0.14692064706106606
254,253,0.1523028858208363
254,255,0.1470172366535508
254,354,0.15155700626292354
255,155,0.14303226625895185
255,254,0.1470172366535508
255,256,0.14398732625810454
255,355,0.1470617679795313
256,156,0.14145287955459904
256,255,0.14398732625810454
256,257,0.14329952351645167
256,356,0.1448656022594496
257,157,0.14225631465391347
257,256,0.14329952351645167
257,258,0.14501900457372457
257,357,0.14504731070102594
258,158,0.14549427077409294
258,257,0.14501900457372457
258,259,0.1491882436302847
258,358,0.1476637925537181
259,159,0.15119498093204528
259,258,0.1491882436302847
259,260,0.15582577391142882
259,359,0.15274861557534428
260,160,0.1593621625502108
260,259,0.15582577391142882
260,261,0.1649252465998609
260,360,0.1603108689503745
261,161,0.1699742812193515
261,260,0.1649252465998609
261,262,0.176454811143213
261,361,0.17033432497568624
262,162,0.18298414771789703
262,261,0.176454811143213
262,263,0.19035683542545684
262,362,0.1827769316207146
263,163,0.1983188631548196
263,262,0.19035683542545684
263,264,0.20654797890127602
263,363,0.19757065293825654
264,164,0.215880121469619
264,263,0.20654797890127602
264,265,0.22491962603204163
264,364,0.21462166872940286
265,165,0.23554487259076617
265,264,0.22491962603204163
265,266,0.24533868133595066
265,365,0.23381093895103233
266,166,0.25716634343268935
266,265,0.24533868133595066
266,267,0.26764872118566013
266,366,0.25499513220574077
267,167,0.28057540771709144
267,266,0.26764872118566013
267,268,0.2916714912720276
267,367,0.2780079113876254
268,168,0.30558228945628496
268,267,0.2916714912720276
268,269,0.317208732522715
268,368,0.3026615632929667
269,169,0.3319785789548745
269,268,0.317208732522715
269,270,0.3440443123401592
269,369,0.3287489528645293
270,170,0.3595395344905056
270,269,0.3440443123401592
270,271,0.3719466324231828
270,370,0.35604577684347943
271,171,0.38802663753968425
271,270,0.3719466324231828
271,272,0.40067127927405866
271,371,0.3843130860721431
272,172,0.41719036462959513
272,271,0.40067127927405866
272,273,0.4299638788746931
272,372,0.4133000406368831
273,173,0.4467731347214189
273,272,0.4299638788746931
273,274,0.45956311303882014
273,373,0.4427468575680472
274,174,0.47651238755400116
274,273,0.45956311303882014
274,275,0.4892038516971906
274,374,0.47238790701781974
275,175,0.5061437456750387
275,274,0.4892038516971906
275,276,0.5186203529216014
275,375,0.5019549097990809
276,176,0.535404211021796
276,275,0.5186203529216014
276,277,0.5475494808980415
276,376,0.531180186956988
277,177,0.5640353459302716
277,276,0.5475494808980415
277,278,0.57573389135948
277,377,0.5597999107122251
278,178,0.5917863883789483
278,277,0.57573389135948
278,279,0.6029251342076327
278,378,0.5875573056958094
279,179,0.6184172521212099
279,278,0.6029251342076327
279,280,0.6288866241950228
279,379,0.6142057499073812
280,180,0.6437013641211311
280,279,0.6288866241950228
280,281,0.6533964325899573
280,380,0.6395117262707637
281,181,0.6674282943543699
281,280,0.6533964325899573
281,282,0.6762498556755132
281,381,0.6632575780125748
282,182,0.6894061365249434
282,281,0.6762498556755132
282,283,0.6972617196893524
282,382,0.6852440243136434
283,183,0.7094636025182786
283,282,0.6972617196893524
283,284,0.7162683863272504
283,383,0.705292396723134
284,184,0.7274517983834317
284,283,0.7162683863272504
284,285,0.7331294281271268
284,384,0.7232465616090632
285,185,0.7432456552206123
285,284,0.7331294281271268
285,286,0.7477289488254235
285,385,0.7389744993584558
286,186,0.7567449944390365
286,285,0.7477289488254235
286,287,0.7599765300250816
286,386,0.752369517034205
287,187,0.7678752133289307
287,286,0.7599765300250816
287,288,0.7698077921151953
287,387,0.7633510776306209
288,188,0.7765875836360092
288,287,0.7698077921151953
288,289,0.7771845642101424
288,388,0.7718652358231624
289,189,0.7828591627067782
289,288,0.7771845642101424
289,290,0.782094664798915
289,389,0.7778846770503597
290,190,0.7866923236552696
290,289,0.782094664798915
290,291,0.784551301679441
290,390,0.7814083637638352
291,191,0.7881139177521651
291,290,0.784551301679441
291,292,0.7845921064640522
291,391,0.7824607995999886
292,192,0.7871740887241433
292,291,0.7845921064640522
292,293,0.7822778253502792
292,392,0.7810909289303627
293,193,0.7839447647476596
293,292,0.7822778253502792
293,294,0.7776906938307813
293,393,0.7773706956064546
294,194,0.7785178595080644
294,293,0.7776906938307813
294,295,0.7709325284508917
294,394,0.7713932906053131
295,195,0.7710032186626462
295,294,0.7709325284508917
295,296,0.7621225735060917
295,395,0.7632711235900124
296,196,0.761526352297917
296,295,0.7621225735060917
296,297,0.7513951446118448
296,396,0.7531335580212379
297,197,0.7502259974245975
297,296,0.7513951446118448
297,298,0.7388971142966572
297,397,0.7411244533034358
298,198,0.7372515571417777
298,297,0.7388971142966572
298,299,0.724785287104581
298,398,0.7273995604475869
299,199,0.7227604647755822
299,298,0.724785287104581
299,399,0.7121238198261479
300,200,0.6835785314240401
300,301,0.6868215586419127
300,400,0.6886517668705203
301,201,0.6845705778817541
301,300,0.6868215586419127
301,302,0.6880223345616665
301,401,0.6901229983782393
302,202,0.6855005607438451
302,301,0.6880223345616665
302,303,0.689152185627014
302,402,0.691525758357654
303,203,0.6863593322765693
303,302,0.689152185627014
303,304,0.690197759509928
303,403,0.6928469874231166
304,204,0.687133229081658
304,303,0.690197759509928
304,305,0.6911414907009283
304,404,0.6940694999533339
305,205,0.687804273486359
305,304,0.6911414907009283
305,306,0.6919618250540458
305,405,0.6951722241494842
306,206,0.6883503831914404
306,305,0.6919618250540458
306,307,0.6926334472536338
306,406,0.6961304414387137
307,207,0.6887455876566086
307,306,0.6926334472536338
307,308,0.6931275102139898
307,407,0.696916023188924
308,208,0.6889602512563239
308,307,0.6931275102139898
308,309,0.6934118670412748
308,408,0.6974976644361301
309,209,0.6889613047348526
309,308,0.6934118670412748
309,310,0.6934513077230834
309,409,0.6978411160122779
310,210,0.6887124878693379
310,309,0.6934513077230834
310,311,0.6932078041060112
310,410,0.6979094180375033
311,211,0.68817460745935
311,310,0.6932078041060112
311,312,0.6926407679217677
311,411,0.6976631391479627
312,212,0.6873058157514034
312,311,0.6926407679217677
312,313,0.6917073275796664
312,412,0.6970606270152038
313,213,0.6860619151345002
313,312,0.6917073275796664
313,314,0.6903626301167837
313,413,0.6960582766288099
314,214,0.6843966953729967
314,313,0.6903626301167837
314,315,0.6885601750542074
314,414,0.6946108234217436
315,215,0.6822623097499108
315,314,0.6885601750542074
315,316,0.6862521869254654
315,415,0.6926716685876457
316,216,0.6796096962607684
316,315,0.6862521869254654
316,317,0.6833900329083695
316,416,0.6901932438512478
317,217,0.6763890494192284
317,316,0.6833900329083695
317,318,0.6799246913018289
317,417,0.687127422497717
318,218,0.6725503473154801
318,317,0.6799246913018289
318,319,0.6758072755529114
318,418,0.6834259826457894
319,219,0.6680439373217925
319,318,0.6758072755529114
319,320,0.6709896171758032
319,419,0.6790411275754817
320,220,0.6628211822922548
320,319,0.6709896171758032
320,321,0.66542490924276
320,420,0.6739260664177311
321,221,0.6568351672907432
321,320,0.66542490924276
321,322,0.6590684102068711
321,421,0.668035656714214
322,222,0.6500414648470617
322,321,0.6590684102068711
322,323,0.651878205685562
322,422,0.6613271083046346
323,223,0.6423989545381752
323,322,0.651878205685562
323,324,0.643816023548007
323,423,0.6537607457479478
324,224,0.6338706903788351
324,323,0.643816023548007
324,325,0.6348480952711693
324,424,0.6453008240932046
325,225,0.6244248071479176
325,324,0.6348480952711693
325,326,0.6249460541249909
325,425,0.6359163903503051
326,226,0.6140354544417967
326,325,0.6249460541249909
326,327,0.6140878583875292
326,426,0.6255821805411068
327,227,0.6026837450040888
327,326,0.6140878583875292
327,328,0.6022587255470411
327,427,0.6142795398093952
328,228,0.5903587018024834
328,327,0.6022587255470411
328,329,0.5894520613912786
328,428,0.6019973508076413
329,229,0.5770581864767819
329,328,0.5894520613912786
329,330,0.5756703660832806
329,429,0.5887329535312075
330,230,0.5627897902328638
330,329,0.5756703660832806
330,331,0.5609260978423068
330,430,0.574493038005955
331,231,0.5475716670649444
331,330,0.5609260978423068
331,332,0.5452424737469055
331,431,0.5592944898170963
332,232,0.5314332884061786
332,331,0.5452424737469055
332,333,0.5286541865054424
332,432,0.5431651674533022
333,233,0.5144160979797601
333,332,0.5286541865054424
333,334,0.5112080158397447
333,433,0.5261445898795856
334,234,0.49657404578386904
334,333,0.5112080158397447
334,335,0.49296331343138167
334,434,0.50828451268499
335,235,0.47797398081765896
335,334,0.49296331343138167
335,336,0.4739923412076468
335,435,0.4896493716050154
336,236,0.4586958833537326
336,335,0.4739923412076468
336,337,0.4543804441033964
336,436,0.4703165732105938
337,237,0.43883291928445584
337,336,0.4543804441033964
337,338,0.4342260403206031
337,437,0.45037661408909213
338,238,0.4184913013013726
338,337,0.4342260403206031
338,339,0.41364041450186134
338,438,0.4299330119089646
339,239,0.3977899443824763
339,338,0.41364041450186134
339,340,0.3927473021062556
339,439,0.40910203433570036
340,240,0.37685990622207605
340,339,0.3927473021062556
340,341,0.3716822565825213
340,440,0.3880122148170144
341,241,0.35584360679142135
341,340,0.3716822565825213
341,342,0.3505917946200122
341,441,0.36680364773153734
342,242,0.3348938251029505
342,341,0.3505917946200122
342,343,0.3296323187564645
342,442,0.3456270592376706
343,243,0.3141724753948435
343,342,0.3296323187564645
343,344,0.3089688208571597
343,443,0.32464265429712436
344,244,0.2938491692748437
344,343,0.3089688208571597
344,345,0.28877337436898454
344,444,0.3040187447011075
345,245,0.27409957477548413
345,344,0.28877337436898454
345,346,0.2692234277048611
345,445,0.2839301674086313
346,246,0.2551035876843149
346,345,0.2692234277048611
346,347,0.2504999155344454
346,446,0.2645565070225937
347,247,0.237043334826832
347,346,0.2504999155344454
347,348,0.23278520904883346
347,447,0.2460801406830569
348,248,0.22010103309992374
348,347,0.23278520904883346
348,349,0.2162609303330422
348,448,0.22868412794952028
349,249,0.204456731884464
349,348,0.2162609303330422
349,350,0.20110565972495348
349,449,0.21254997227673667
350,250,0.1902859699151614
350,349,0.20110565972495348
350,351,0.1874925683721
350,450,0.19785528436601835
351,251,0.17775738066758157
351,350,0.1874925683721
351,352,0.1755870110333329
351,451,0.18477138090544656
352,252,0.16703028275756304
352,351,0.1755870110333329
352,353,0.16554411643454137
352,452,0.1734608549143254
353,253,0.1582522936678773
353,352,0.16554411643454137
353,354,0.15750641410996455
353,453,0.16407515600518147
354,254,0.15155700626292354
354,353,0.15750641410996455
354,355,0.15160153758890405
354,454,0.15675222030712788
355,255,0.1470617679795313
355,354,0.15160153758890405
355,356,0.14794004398087635
355,455,0.15161419050659547
356,256,0.1448656022594496
356,355,0.14794004398087635
356,357,0.14661338944402388
356,456,0.14876526641845123
357,257,0.14504731070102594
357,356,0.14661338944402388
357,358,0.14769209868101948
357,457,0.1482897256805298
358,258,0.1476637925537181
358,357,0.14769209868101948
358,359,0.15122416449877768
358,458,0.15025015256177385
359,259,0.15274861557534428
359,358,0.15122416449877768
359,360,0.15723371061428992
359,459,0.15468591049882227
360,260,0.1603108689503745
360,359,0.15723371061428992
360,361,0.16571994732619982
360,460,0.16161189085499106
361,261,0.17033432497568624
361,360,0.16571994732619982
361,362,0.17665644545318784
361,461,0.17101756657196573
362,262,0.1827769316207146
362,361,0.17665644545318784
362,363,0.1899907491335143
362,462,0.1828663749168738
363,263,0.19757065293825654
363,362,0.1899907491335143
363,364,0.20564434276638338
363,463,0.19709544848870442
364,264,0.21462166872940286
364,363,0.20564434276638338
364,365,0.22351298164839353
364,464,0.21361570812472253
365,265,0.23381093895103233
365,364,0.22351298164839353
365,366,0.24346738982082242
365,465,0.23231232543755664
366,266,0.25499513220574077
366,365,0.24346738982082242
366,367,0.265354322407706
366,466,0.2530455565249653
367,267,0.2780079113876254
367,366,0.265354322407706
367,368,0.28899798340856436
367,467,0.2756519420421938
368,268,0.3026615632929667
368,367,0.28899798340856436
368,369,0.314201783634781
368,468,0.29994586243243304
369,269,0.3287489528645293
369,368,0.314201783634781
369,370,0.3407504173678496
369,469,0.3257214307977062
370,270,0.35604577684347943
370,369,0.3407504173678496
370,371,0.3684122304924397
370,470,0.35275469978483553
371,271,0.3843130860721431
371,370,0.3684122304924397
371,372,0.39694184743496747
371,471,0.38080615308083887
372,272,0.4133000406368831
372,371,0.39694184743496747
372,373,0.4260830193302372
372,472,0.4096234467762643
373,273,0.4427468575680472
373,372,0.4260830193302372
373,374,0.4555716515470468
373,473,0.4389443610734893
374,274,0.47238790701781974
374,373,0.4555716515470468
374,375,0.48513896511971
374,474,0.4684999186900409
375,275,0.5019549097990809
375,374,0.48513896511971
375,376,0.5145147438344675
375,475,0.4980176229228894
376,276,0.531180186956988
376,375,0.5145147438344675
376,377,0.5434306167711718
376,476,0.527224765772986
377,277,0.5597999107122251
377,376,0.5434306167711718
377,378,0.5716233250485546
377,477,0.5558517548390934
378,278,0.5875573056958094
378,377,0.5716233250485546
378,379,0.5988379213955581
378,478,0.5836354069183869
379,279,0.6142057499073812
379,378,0.5988379213955581
379,380,0.6248308519831222
379,479,0.6103221564226771
380,280,0.6395117262707637
380,379,0.6248308519831222
380,381,0.6493728716933813
380,480,0.6356711278390861
381,281,0.6632575780125748
381,380,0.6493728716933813
381,382,0.672251746650705
381,481,0.6594570235194985
382,282,0.6852440243136434
382,381,0.672251746650705
382,383,0.6932747013474251
382,482,0.6814727810421668
383,283,0.705292396723134
383,382,0.6932747013474251
383,384,0.7122705720049468
383,483,0.7015319582013491
384,284,0.7232465616090632
384,383,0.7122705720049468
384,385,0.7290916328403922
384,484,0.7194708082793178
385,285,0.7389744993584558
385,384,0.7290916328403922
385,386,0.7436150675672373
385,485,0.7351500135558857
386,286,0.752369517034205
386,385,0.7436150675672373
386,387,0.7557440646397444
386,486,0.7484560509156992
387,287,0.7633510776306209
387,386,0.7557440646397444
387,388,0.7654085213385879
387,487,0.7593021698122872
388,288,0.7718652358231624
388,387,0.7654085213385879
388,389,0.7725653486633797
388,488,0.7676289696192233
389,289,0.7778846770503597
389,388,0.7725653486633797
389,390,0.7771983760152799
389,489,0.7734045704137177
390,290,0.7814083637638352
390,389,0.7771983760152799
390,391,0.779317861684383
390,490,0.7766243783622302
391,291,0.7824607995999886
391,390,0.779317861684383
391,392,0.7789596220662991
391,491,0.7773104539742139
392,292,0.7810909289303627
392,391,0.7789596220662991
392,393,0.7761837991865379
392,492,0.7755104984220806
393,293,0.7773706956064546
393,392,0.7761837991865379
393,394,0.7710732923809864
393,493,0.7712964797589474
394,294,0.7713932906053131
394,393,0.7710732923809864
394,395,0.7637318857444337
394,494,0.7647629270725804
395,295,0.7632711235900124
395,394,0.7637318857444337
395,396,0.7542821081051585
395,495,0.7560249262741691
396,296,0.7531335580212379
396,395,0.7542821081051585
396,397,0.742862866712829
396,496,0.7452158562251598
397,297,0.7411244533034358
397,396,0.742862866712829
397,398,0.7296268994543655
397,497,0.7324849081583189
398,298,0.7273995604475869
398,397,0.7296268994543655
398,399,0.7147380931691539
398,498,0.7179944347693403
399,299,0.7121238198261479
399,398,0.7147380931691539
399,499,0.7019171778785673
400,300,0.6886517668705203
400,401,0.691953206606847
400,500,0.6933525545211155
401,301,0.6901229983782393
401,400,0.691953206606847
401,402,0.6936264221742267
