u,v,cost
0,1,0.8331413536530988
0,100,0.8344138421795562
1,0,0.8331413536530988
1,2,0.8294022303098264
1,101,0.8308089092941692
2,1,0.8294022303098264
2,3,0.8256024249953728
2,102,0.8271260867587957
3,2,0.8256024249953728
3,4,0.8217677167683306
3,103,0.8233935579493781
4,3,0.8217677167683306
4,5,0.8179167060433699
4,104,0.8196321579932054
5,4,0.8179167060433699
5,6,0.8140613008725862
5,105,0.8158558263407966
6,5,0.8140613008725862
6,7,0.8102072941993564
6,106,0.812072160709671
7,6,0.8102072941993564
7,8,0.8063550100213713
7,107,0.8082830503539384
8,7,0.8063550100213713
8,9,0.8024999961096043
8,108,0.8044853660301647
9,8,0.8024999961096043
9,10,0.7986337412207014
9,109,0.8006716840415293
10,9,0.7986337412207014
10,11,0.7947443955868865
10,110,0.7968310223311297
11,10,0.7947443955868865
11,12,0.7908174748321988
11,111,0.7929495677297608
12,11,0.7908174748321988
12,13,0.7868365292970008
12,112,0.7890113750995322
13,12,0.7868365292970008
13,14,0.7827837629939209
13,113,0.784999021196513
14,13,0.7827837629939209
14,15,0.7786405889984285
14,114,0.7808941985376692
15,14,0.7786405889984285
15,16,0.7743881109196072
15,115,0.7766782373257626
16,15,0.7743881109196072
16,17,0.7700075231196928
16,116,0.7723325464803719
17,16,0.7700075231196928
17,18,0.7654804254696335
17,117,0.7678389679592243
18,17,0.7654804254696335
18,19,0.7607890515563823
18,118,0.7631800417447583
19,18,0.7607890515563823
19,20,0.7559164123108653
19,119,0.7583391820293881
20,19,0.7559164123108653
20,21,0.7508463599218439
20,120,0.7533007681745187
21,20,0.7508463599218439
21,22,0.7455635795634741
21,121,0.7480501568622103
22,21,0.7455635795634741
22,23,0.7400535188235815
22,122,0.7425736244298844
23,22,0.7400535188235815
23,24,0.734302266714472
23,123,0.7368582506108898
24,23,0.734302266714472
24,25,0.7282963957274864
24,124,0.7308917567397094
25,24,0.7282963957274864
25,26,0.7220227815168809
25,125,0.7246623128737433
26,25,0.7220227815168809
26,27,0.7154684154404709
26,126,0.7181583291992457
27,26,0.7154684154404709
27,28,0.7086202253293177
27,127,0.7113682475054403
28,27,0.7086202253293177
28,29,0.7014649195050657
28,128,0.7042803484193002
29,28,0.7014649195050657
29,30,0.693988868223089
29,129,0.6968825894987909
30,29,0.693988868223089
30,31,0.6861780354169216
30,130,0.6891624882023781
31,30,0.6861780354169216
31,32,0.678017971891197
31,131,0.6811070622180184
32,31,0.678017971891197
32,33,0.6694938790044196
32,132,0.6727028376882225
33,32,0.6694938790044196
33,34,0.6605907494572972
33,133,0.663935933562548
34,33,0.6605907494572972
34,35,0.6512935891235514
34,134,0.6547922277080684
35,34,0.6512935891235514
35,36,0.6415877210015017
35,135,0.6452576075828145
36,35,0.6415877210015017
36,37,0.6314591694047615
36,136,0.635318305304031
37,36,0.6314591694047615
37,38,0.6208951195306716
37,137,0.6249613139036985
38,37,0.6208951195306716
38,39,0.6098844446282764
38,138,0.6141748785417345
39,38,0.6098844446282764
39,40,0.5984182902154249
39,139,0.6029490535263424
40,39,0.5984182902154249
40,41,0.5864907022455639
40,140,0.5912763132530413
41,40,0.5864907022455639
41,42,0.5740992838726358
41,141,0.5791522026967488
42,41,0.5740992838726358
42,43,0.561245863573959
42,142,0.5665760109469107
43,42,0.561245863573959
43,44,0.5479371559242137
43,143,0.5535514495281895
44,43,0.5479371559242137
44,45,0.5341853953167953
44,144,0.5400873159534532
45,44,0.5341853953167953
45,46,0.5200089224385838
45,145,0.5261981221556323
46,45,0.5200089224385838
46,47,0.5054327033449726
46,146,0.5119046671724765
47,46,0.5054327033449726
47,48,0.4904887615651895
47,147,0.49723453373229093
48,47,0.4904887615651895
48,49,0.47521650479136013
48,148,0.4822224892151189
49,48,0.47521650479136013
49,50,0.4596629293527871
49,149,0.4669107728342813
50,49,0.4596629293527871
50,51,0.4438826878205837
50,150,0.4513492527760439
51,50,0.4438826878205837
51,52,0.4279380076854393
51,151,0.43559543941527934
52,51,0.4279380076854393
52,53,0.411898452049388
52,152,0.4197143435447672
53,52,0.411898452049388
53,54,0.39584051660676606
53,153,0.40377817175600006
54,53,0.39584051660676606
54,55,0.3798470607866038
54,154,0.3878658546206132
55,54,0.3798470607866038
55,56,0.36400657470740055
55,155,0.3720624070656501
56,55,0.36400657470740055
56,57,0.348412287468691
56,156,0.35645812422774653
57,56,0.348412287468691
57,58,0.33316112618139404
57,157,0.3411476200207743
58,57,0.33316112618139404
58,59,0.3183525389283448
58,158,0.3262287195656006
59,58,0.3183525389283448
59,60,0.3040871984558157
59,159,0.311801220415496
60,59,0.3040871984558157
60,61,0.29046560673710864
60,160,0.29796554107406426
61,60,0.29046560673710864
61,62,0.2775866235360751
61,161,0.284821278555619
62,61,0.2775866235360751
62,63,0.26554594465419057
62,162,0.27246569959771444
63,62,0.26554594465419057
63,64,0.25443455760071765
63,163,0.2609921925268269
64,63,0.25443455760071765
64,65,0.24433720392319572
64,164,0.2504887086353376
65,64,0.24433720392319572
65,66,0.23533087832847197
65,165,0.24103622319662987
66,65,0.23533087832847197
66,67,0.22748339497939674
66,166,0.23270724688349534
67,66,0.22748339497939674
67,68,0.22085205094983185
67,167,0.22556441833519547
68,67,0.22085205094983185
68,69,0.21548241575613236
68,168,0.21965920792694504
69,68,0.21548241575613236
69,70,0.2114072741670964
69,169,0.21503076143400507
70,69,0.2114072741670964
70,71,0.208645747151705
70,170,0.21170491026768085
71,70,0.208645747151705
71,72,0.20720261289456632
71,171,0.20969337232424184
72,71,0.20720261289456632
72,73,0.20706784634629866
72,172,0.20899316427631476
73,72,0.20706784634629866
73,74,0.20821639184634466
73,173,0.20958624240953144
74,73,0.20821639184634466
74,75,0.21060817903651352
74,174,0.2114393849373308
75,74,0.21060817903651352
75,76,0.21418838766221288
75,175,0.2145043241970015
76,75,0.21418838766221288
76,77,0.2188879620301275
76,176,0.2187181323325221
77,76,0.2188879620301275
77,78,0.22462437095711763
77,177,0.22400385910407
78,77,0.22462437095711763
78,79,0.23130260411011105
78,178,0.23027141543464313
79,78,0.23130260411011105
79,80,0.23881639080689154
79,179,0.23741869131852064
80,79,0.23881639080689154
80,81,0.24704962272804645
80,180,0.24533289188178967
81,80,0.24704962272804645
81,82,0.25587795768279775
81,181,0.25389207080782233
82,81,0.25587795768279775
82,83,0.26517057767215046
82,182,0.26296683612166316
83,82,0.26517057767215046
83,84,0.2747920710901649
83,183,0.27242219956159763
84,83,0.2747920710901649
84,85,0.2846044060767666
84,184,0.28211953753978913
85,84,0.2846044060767666
85,86,0.2944689598502707
85,185,0.2919186290819056
86,85,0.2944689598502707
86,87,0.3042485673583998
86,186,0.30167973420104505
87,86,0.3042485673583998
87,88,0.3138095518321712
87,187,0.31126567495252155
88,87,0.3138095518321712
88,89,0.32302369983133317
88,188,0.3205438809669743
89,88,0.32302369983133317
89,90,0.331770144140496
89,189,0.3293883615871361
90,89,0.331770144140496
90,91,0.3399371194027912
90,190,0.3376815678394709
91,90,0.3399371194027912
91,92,0.347423557637527
91,191,0.3453161093398823
92,91,0.347423557637527
92,93,0.3541404937385436
92,192,0.3521962938306157
93,92,0.3541404937385436
93,94,0.36001225463437214
93,193,0.3582394603249001
94,93,0.36001225463437214
94,95,0.3649774099393901
94,194,0.3633770807337351
95,94,0.3649774099393901
95,96,0.3689894665537446
95,195,0.36755560928837794
96,95,0.3689894665537446
96,97,0.37201729468492584
96,196,0.3707370639634694
97,96,0.37201729468492584
97,98,0.37404527806254306
97,197,0.37289932934985764
98,97,0.37404527806254306
98,99,0.37507318659038846
98,198,0.374036175915336
99,98,0.37507318659038846
99,199,0.37415699621211307
100,0,0.8344138421795562
100,101,0.8320813978206265
100,200,0.8329042188724367
101,1,0.8308089092941692
101,100,0.8320813978206265
101,102,0.8285327657431385
101,201,0.8295163234460902
102,2,0.8271260867587957
102,101,0.8285327657431385
102,103,0.824917219712801
102,202,0.8260453232631196
103,3,0.8233935579493781
103,102,0.824917219712801
103,104,0.8212579991742528
103,203,0.8225166780790767
104,4,0.8196321579932054
104,103,0.8212579991742528
104,105,0.8175712782906321
104,204,0.8189486125589964
105,5,0.8158558263407966
105,104,0.8175712782906321
105,106,0.8138666861778814
105,205,0.8153526025099138
106,6,0.812072160709671
106,105,0.8138666861778814
106,107,0.8101479168642531
106,206,0.8117339612537678
107,7,0.8082830503539384
107,106,0.8101479168642531
107,108,0.806413406362732
107,207,0.8080925035884008
108,8,0.8044853660301647
108,107,0.806413406362732
108,109,0.8026570539620899
108,208,0.8044232642063309
109,9,0.8006716840415293
109,108,0.8026570539620899
109,110,0.7988689651519576
109,209,0.8007172474678919
110,10,0.7968310223311297
110,109,0.7988689651519576
110,111,0.795036194474004
110,210,0.7969621860395222
111,11,0.7929495677297608
111,110,0.795036194474004
111,112,0.7911434679970942
111,211,0.7931432870778881
112,12,0.7890113750995322
112,111,0.7911434679970942
112,113,0.7871738669990445
112,212,0.7892439463216723
113,13,0.784999021196513
113,112,0.7871738669990445
113,114,0.7831094567402612
113,213,0.7852464125890843
114,14,0.7808941985376692
114,113,0.7831094567402612
114,115,0.7789318468650033
114,214,0.7811323877040365
115,15,0.7766782373257626
115,114,0.7789318468650033
115,116,0.7746226728865272
115,215,0.7768835497127414
116,16,0.7723325464803719
116,115,0.7746226728865272
116,117,0.7701639913199033
116,216,0.7724819903236531
117,17,0.7678389679592243
117,116,0.7701639913199033
117,118,0.7655385842343491
117,217,0.7679105607213818
118,18,0.7631800417447583
118,117,0.7655385842343491
118,119,0.760730172217764
118,218,0.7631531231810564
119,19,0.7583391820293881
119,118,0.760730172217764
119,120,0.7557235378930416
119,219,0.7581947091550265
120,20,0.7533007681745187
120,119,0.7557235378930416
120,121,0.7505045651148852
120,220,0.7530215876322658
121,21,0.7480501568622103
121,120,0.7505045651148852
121,122,0.7450602017286205
121,221,0.7476212504997208
122,22,0.7425736244298844
122,121,0.7450602017286205
122,123,0.7393783562171925
122,222,0.7419823242877474
123,23,0.7368582506108898
123,122,0.7393783562171925
123,124,0.7334477406361273
123,223,0.736094419990055
124,24,0.7308917567397094
124,123,0.7334477406361273
124,125,0.7272576738859662
124,224,0.7299479345531626
125,25,0.7246623128737433
125,124,0.7272576738859662
125,126,0.7207978605561081
125,225,0.7235338190831897
126,26,0.7181583291992457
126,125,0.7207978605561081
126,127,0.7140581612642151
126,226,0.7168433297826886
127,27,0.7113682475054403
127,126,0.7140581612642151
127,128,0.7070283705954228
127,227,0.709867778084136
128,28,0.7042803484193002
128,127,0.7070283705954228
128,129,0.6996980184130253
128,228,0.7025982963797639
129,29,0.6968825894987909
129,128,0.6996980184130253
129,130,0.6920562094780799
129,229,0.6950256351635867
130,30,0.6891624882023781
130,129,0.6920562094780799
130,131,0.684091515003475
130,230,0.6871400063180952
131,31,0.6811070622180184
131,130,0.684091515003475
131,132,0.675791928015044
131,231,0.6789309857255102
132,32,0.6727028376882225
132,131,0.675791928015044
132,133,0.667144892246351
132,232,0.6703874864043993
133,33,0.663935933562548
133,132,0.667144892246351
133,134,0.6581374118133192
133,233,0.6614978110206017
134,34,0.6547922277080684
134,133,0.6581374118133192
134,135,0.6487562461673315
134,234,0.6522497899605367
135,35,0.6452576075828145
135,134,0.6487562461673315
135,136,0.6389881918853437
135,235,0.6426310082569191
136,36,0.635318305304031
136,135,0.6389881918853437
136,137,0.6288204498029679
136,236,0.6326291216001313
137,37,0.6249613139036985
137,136,0.6288204498029679
137,138,0.6182410729147616
137,237,0.6222322585359445
138,38,0.6141748785417345
138,137,0.6182410729147616
138,139,0.6072394874398006
138,238,0.6114295028273871
139,39,0.6029490535263424
139,138,0.6072394874398006
139,140,0.5958070765639588
139,239,0.6002114469311158
140,40,0.5912763132530413
140,139,0.5958070765639588
140,141,0.5839378137042263
140,240,0.5885708046907782
141,41,0.5791522026967488
141,140,0.5839378137042263
141,142,0.5716289297710238
141,241,0.5765030687617202
142,42,0.5665760109469107
142,141,0.5716289297710238
142,143,0.5588815969011411
142,242,0.5640071960273831
143,43,0.5535514495281895
143,142,0.5588815969011411
143,144,0.545701609557429
143,243,0.5510863024144563
144,44,0.5400873159534532
144,143,0.545701609557429
144,145,0.5321000427922902
144,244,0.5377483471185109
145,45,0.5261981221556323
145,144,0.5321000427922902
145,146,0.518093866889525
145,245,0.5240067853606869
146,46,0.5119046671724765
146,145,0.518093866889525
146,147,0.5037064975597948
146,246,0.509881168443221
147,47,0.49723453373229093
147,146,0.5037064975597948
147,148,0.4889682613822204
147,247,0.49539767007822044
148,48,0.4822224892151189
148,147,0.4889682613822204
148,149,0.4739167572580401
148,248,0.48058951873748623
149,49,0.4669107728342813
149,148,0.4739167572580401
149,150,0.45859709625753803
149,249,0.465497317104696
150,50,0.4513492527760439
150,149,0.45859709625753803
150,151,0.4430620043707395
150,250,0.4501692315842175
151,51,0.43559543941527934
151,150,0.4430620043707395
151,152,0.42737177527460724
151,251,0.4346610371989602
152,52,0.4197143435447672
152,151,0.42737177527460724
152,153,0.41159406325137926
152,252,0.4190360060456897
153,53,0.40377817175600006
153,152,0.41159406325137926
153,154,0.39580350976984713
153,253,0.4033646307109694
154,54,0.3878658546206132
154,153,0.39580350976984713
154,155,0.38008120089965947
154,254,0.38772417761442524
155,55,0.3720624070656501
155,154,0.38008120089965947
155,156,0.36451395658599606
155,255,0.3721980690593488
156,56,0.35645812422774653
156,155,0.36451395658599606
156,157,0.3491934567798298
156,256,0.35687509674741075
157,57,0.3411476200207743
157,156,0.3491934567798298
157,158,0.33421521340498084
157,257,0.3418484735626618
158,58,0.3262287195656006
158,157,0.33421521340498084
158,159,0.31967740105275183
158,258,0.3272147344550439
159,59,0.311801220415496
159,158,0.31967740105275183
159,160,0.30567956303374455
159,259,0.31307250115919083
160,60,0.29796554107406426
160,159,0.30567956303374455
160,161,0.2923212128925746
160,260,0.29952112917539325
161,61,0.284821278555619
161,160,0.2923212128925746
161,162,0.27970035461725834
161,261,0.28665925882472687
162,62,0.27246569959771444
162,161,0.27970035461725834
162,163,0.26791194747035074
162,262,0.2745832951834888
163,63,0.2609921925268269
163,162,0.26791194747035074
163,164,0.2570463435614469
163,263,0.263385844224975
164,64,0.2504887086353376
164,163,0.2570463435614469
164,165,0.2471877279087718
164,264,0.2531541344805008
165,65,0.24103622319662987
165,164,0.2471877279087718
165,166,0.23841259175165325
165,265,0.24396845491895192
166,66,0.23270724688349534
166,165,0.23841259175165325
166,167,0.23078827023929405
166,266,0.2359006404903588
167,67,0.22556441833519547
167,166,0.23078827023929405
167,168,0.22437157531230867
167,267,0.22901263685316053
168,68,0.21965920792694504
168,167,0.22437157531230867
168,169,0.21920755360481775
168,268,0.22335517519105358
169,69,0.21503076143400507
169,168,0.21920755360481775
169,170,0.2153283975345895
169,269,0.21896658672291747
170,70,0.21170491026768085
170,169,0.2153283975345895
170,171,0.21275253544021766
170,270,0.21587178453324843
171,71,0.20969337232424184
171,170,0.21275253544021766
171,172,0.21148392370599026
171,271,0.2140814377311131
172,72,0.20899316427631476
172,171,0.21148392370599026
172,173,0.21151156033954754
172,272,0.21359135972817428
173,73,0.20958624240953144
173,172,0.21151156033954754
173,174,0.2128092355005176
173,273,0.2143821286700905
174,74,0.2114393849373308
174,173,0.2128092355005176
174,175,0.21533553009781875
174,274,0.21641895383281257
175,75,0.2145043241970015
175,174,0.21533553009781875
175,176,0.2190340688673107
175,275,0.21965179718964434
176,76,0.2187181323325221
176,175,0.2190340688673107
176,177,0.2238340294064646
176,276,0.22401575445969546
177,77,0.22400385910407
177,176,0.2238340294064646
177,178,0.22965090358159554
177,277,0.2294316948646131
178,78,0.23027141543464313
178,177,0.22965090358159554
178,179,0.23638750264305275
178,278,0.23580715365476915
179,79,0.23741869131852064
179,178,0.23638750264305275
179,180,0.24393519239341876
179,279,0.24303746632831902
180,80,0.24533289188178967
180,179,0.24393519239341876
180,181,0.25217533996156555
180,280,0.2510071284672158
181,81,0.25389207080782233
181,180,0.25217533996156555
181,182,0.2609809492466877
181,281,0.25959136036261043
182,82,0.26296683612166316
182,181,0.2609809492466877
182,183,0.27021845801111033
182,282,0.2686578512029303
183,83,0.27242219956159763
183,182,0.27021845801111033
183,184,0.2797496660112218
183,283,0.27806865364999434
184,84,0.28211953753978913
184,183,0.2797496660112218
184,185,0.2894337605449281
184,284,0.28768219622183133
185,85,0.2919186290819056
185,184,0.2894337605449281
185,186,0.2991294034326799
185,285,0.2973553781145785
186,86,0.30167973420104505
186,185,0.2991294034326799
186,187,0.3086968417951668
186,286,0.306945708996938
187,87,0.31126567495252155
187,186,0.3086968417951668
187,188,0.31800000408732465
187,287,0.31631345495159313
188,88,0.3205438809669743
188,187,0.31800000408732465
188,189,0.32690854272277714
188,288,0.3253237511562691
189,89,0.3293883615871361
189,188,0.32690854272277714
189,190,0.33529978528611104
189,289,0.3338486421135012
190,90,0.3376815678394709
190,189,0.33529978528611104
190,191,0.3430605577765621
190,290,0.3417690112568249
191,91,0.3453161093398823
191,190,0.3430605577765621
191,192,0.3500888455329709
191,291,0.348976363568799
192,92,0.3521962938306157
192,191,0.3500888455329709
192,193,0.3562952604169722
192,292,0.3553744274129186
193,93,0.3582394603249001
193,192,0.3562952604169722
193,194,0.3616042864242631
193,293,0.36088054506034695
194,94,0.3633770807337351
194,193,0.3616042864242631
194,195,0.36595528008272293
194,294,0.3654268253213282
195,95,0.36755560928837794
195,194,0.36595528008272293
195,196,0.36930320669810274
195,295,0.36896103619336396
196,96,0.3707370639634694
196,195,0.36930320669810274
196,197,0.37161909862840126
196,296,0.37144722042440603
197,97,0.37289932934985764
197,196,0.37161909862840126
197,198,0.37289022720265064
197,297,0.37286602225885634
198,98,0.374036175915336
198,197,0.37289022720265064
198,199,0.3731199855370606
198,298,0.3732147192777998
199,99,0.37415699621211307
199,198,0.3731199855370606
199,299,0.3725069590466501
200,100,0.8329042188724367
200,201,0.8303391444979003
200,300,0.8306781165713233
201,101,0.8295163234460902
201,200,0.8303391444979003
201,202,0.8270288809660713
201,301,0.8275504432690174
202,102,0.8260453232631196
202,201,0.8270288809660713
202,203,0.8236447816293953
202,302,0.8243341890177597
203,103,0.8225166780790767
203,202,0.8236447816293953
203,204,0.8202072914638202
203,303,0.821051872341404
204,104,0.8189486125589964
204,203,0.8202072914638202
204,205,0.8167299367782781
204,304,0.8177189183447051
205,105,0.8153526025099138
205,204,0.8167299367782781
205,206,0.8132198775858002
205,305,0.8143441764735444
206,106,0.8117339612537678
206,205,0.8132198775858002
206,207,0.8096785479779155
206,306,0.8109305367637789
207,107,0.8080925035884008
207,206,0.8096785479779155
207,208,0.8061023614319996
207,307,0.8074756216142791
208,108,0.8044232642063309
208,207,0.8061023614319996
208,209,0.8024834577121329
208,308,0.8039725295514558
209,109,0.8007172474678919
209,208,0.8024834577121329
209,210,0.7988104683554563
209,309,0.8004106074969356
210,110,0.7969621860395222
210,209,0.7988104683554563
210,211,0.7950692786434063
210,310,0.7967762286894609
211,111,0.7931432870778881
211,210,0.7950692786434063
211,212,0.7912437654024662
211,311,0.7930535546150435
212,112,0.7892439463216723
212,211,0.7912437654024662
212,213,0.7873164919117122
212,312,0.7892252610211912
213,113,0.7852464125890843
213,212,0.7873164919117122
213,214,0.7832693435528596
213,313,0.7852732102751252
214,114,0.7811323877040365
214,213,0.7832693435528596
214,215,0.7790840905517746
214,314,0.781179054905315
215,115,0.7768835497127414
215,214,0.7790840905517746
215,216,0.7747428671498673
215,315,0.7769247600648059
216,116,0.7724819903236531
216,215,0.7747428671498673
216,217,0.7702285597251315
216,316,0.7724930357913088
217,117,0.7679105607213818
217,216,0.7702285597251315
217,218,0.7655250996680891
217,317,0.7678676732257774
218,118,0.7631531231810564
218,217,0.7655250996680891
218,219,0.760617660118319
218,318,0.7630337822987012
219,119,0.7581947091550265
219,218,0.760617660118319
219,220,0.7554927588942507
219,319,0.7579779317115554
220,120,0.7530215876322658
220,219,0.7554927588942507
220,221,0.7501382730171015
220,320,0.7526881952418525
221,121,0.7476212504997208
221,220,0.7501382730171015
221,222,0.7445433730588475
221,321,0.7471541113998265
222,122,0.7419823242877474
222,221,0.7445433730588475
222,223,0.7386983880606097
222,322,0.7413665661850569
223,123,0.736094419990055
223,222,0.7386983880606097
223,224,0.7325946139070904
223,323,0.7353176110620905
224,124,0.7299479345531626
224,223,0.7325946139070904
224,225,0.7262240797503862
224,324,0.7290002302348264
225,125,0.7235338190831897
225,224,0.7262240797503862
225,226,0.7195792883097702
225,325,0.7224080728006015
226,126,0.7168433297826886
226,225,0.7195792883097702
226,227,0.7126529466026095
226,326,0.7155351663691334
227,127,0.709867778084136
227,226,0.7126529466026095
227,228,0.7054377038684772
227,327,0.708375629214521
228,128,0.7025982963797639
228,227,0.7054377038684772
228,229,0.6979259131303253
228,328,0.700923397979699
229,129,0.6950256351635867
229,228,0.6979259131303253
229,230,0.6901094320036021
229,329,0.6931719873751635
230,130,0.6871400063180952
230,229,0.6901094320036021
230,231,0.6819794770401305
230,330,0.6851142972244464
231,131,0.6789309857255102
231,230,0.6819794770401305
231,232,0.6735265441148656
231,331,0.676742480637789
232,132,0.6703874864043993
232,231,0.6735265441148656
232,233,0.6647404051786501
232,332,0.6680478850854591
233,133,0.6614978110206017
233,232,0.6647404051786501
233,234,0.6556101891678192
233,333,0.6590210757474093
234,134,0.6522497899605367
234,233,0.6556101891678192
234,235,0.6461245520501243
234,334,0.6496519478006333
235,135,0.6426310082569191
235,234,0.6461245520501243
235,236,0.6362719379717066
235,335,0.6399299313426103
236,136,0.6326291216001313
236,235,0.6362719379717066
236,237,0.6260409303331078
236,336,0.6298442895180716
237,137,0.6222322585359445
237,236,0.6260409303331078
237,238,0.61542068844857
237,337,0.6193845072014227
238,138,0.6114295028273871
238,237,0.61542068844857
238,239,0.6044014623187023
238,338,0.6085407643755523
239,139,0.6002114469311158
239,238,0.6044014623187023
239,240,0.5929751750579352
239,339,0.5973044852270385
240,140,0.5885708046907782
240,239,0.5929751750579352
240,241,0.5811360597482721
240,340,0.5856689510340451
241,141,0.5765030687617202
241,240,0.5811360597482721
241,242,0.5688813350180797
241,341,0.5736299622386758
242,142,0.5640071960273831
242,241,0.5688813350180797
242,243,0.5562119015406983
242,342,0.5611865327467915
243,143,0.5510863024144563
243,242,0.5562119015406983
243,244,0.5431330399755383
243,343,0.5483415975540363
244,144,0.5377483471185109
244,243,0.5431330399755383
244,245,0.5296550896869079
244,344,0.5351027133163784
245,145,0.5240067853606869
245,244,0.5296550896869079
245,246,0.5157940869143829
245,345,0.5214827305152001
246,146,0.509881168443221
246,245,0.5157940869143829
246,247,0.5015723409616466
246,346,0.5075004154468955
247,147,0.49539767007822044
247,246,0.5015723409616466
247,248,0.4870189274334863
247,347,0.4931810004178721
248,148,0.48058951873748623
248,247,0.4870189274334863
248,249,0.47217007858414206
248,348,0.4785566412566839
249,149,0.465497317104696
249,248,0.47217007858414206
249,250,0.4570694524313755
249,349,0.46366676256031525
250,150,0.4501692315842175
250,249,0.4570694524313755
250,251,0.4417682644124383
250,350,0.4485582729517017
251,151,0.4346610371989602
251,250,0.4417682644124383
251,252,0.42632526797004267
251,351,0.43328563500674455
252,152,0.4190360060456897
252,251,0.42632526797004267
252,253,0.41080657350527977
252,352,0.41791077736435017
253,153,0.4033646307109694
253,252,0.41080657350527977
253,254,0.39528529855554745
253,353,0.4025028398031181
254,154,0.38772417761442524
254,253,0.39528529855554745
254,255,0.3798410457741146
254,354,0.3871377456828402
255,155,0.3721980690593488
255,254,0.3798410457741146
255,256,0.3645592092207635
255,355,0.3718976000281027
256,156,0.35687509674741075
256,255,0.3645592092207635
256,257,0.34953011353024266
256,356,0.3568699155874274
257,157,0.3418484735626618
257,256,0.34953011353024266
257,258,0.33484799461272485
257,357,0.3421466733412435
258,158,0.3272147344550439
258,257,0.33484799461272485
258,259,0.32060983456148295
258,358,0.32782322805862496
259,159,0.31307250115919083
259,258,0.32060983456148295
259,260,0.3069140673008395
259,359,0.31399707351790085
260,160,0.29952112917539325
260,259,0.3069140673008395
260,261,0.2938591751075455
260,360,0.30076648581258414
261,161,0.28665925882472687
261,260,0.2938591751075455
261,262,0.28154219939095737
261,361,0.28822906666741915
262,162,0.2745832951834888
262,261,0.28154219939095737
262,263,0.27005719193811306
262,362,0.27648021180103594
263,163,0.263385844224975
263,262,0.27005719193811306
263,264,0.2594936351440289
263,363,0.2656115320105898
264,164,0.2531541344805008
264,263,0.2594936351440289
264,265,0.2499348614906809
264,364,0.2557092567482645
265,165,0.24396845491895192
265,264,0.2499348614906809
265,266,0.24145650365765747
265,365,0.24685265144938975
266,166,0.2359006404903588
266,265,0.24145650365765747
266,267,0.2341250071042253
266,366,0.2391124807097805
267,167,0.22901263685316053
267,266,0.2341250071042253
267,268,0.22799623673190544
267,367,0.23254954956237162
268,168,0.22335517519105358
268,267,0.22799623673190544
268,269,0.22311420830915332
268,368,0.22721335455217917
269,169,0.21896658672291747
269,268,0.22311420830915332
269,270,0.21950997372157643
269,369,0.22314087505128044
270,170,0.21587178453324843
270,269,0.21950997372157643
270,271,0.21720068682414384
270,370,0.2203555333053665
271,171,0.2140814377311131
271,270,0.21720068682414384
271,272,0.2161888737532971
271,371,0.21886634908939998
272,172,0.21359135972817428
272,271,0.2161888737532971
272,273,0.21646192805871722
272,372,0.21866731161659717
273,173,0.2143821286700905
273,272,0.21646192805871722
273,274,0.21799184700238547
273,373,0.21973698755123383
274,174,0.21641895383281257
274,273,0.21799184700238547
274,275,0.22073522092463815
274,374,0.22203837969401374
275,175,0.21965179718964434
275,274,0.22073522092463815
275,276,0.2246334827820291
275,375,0.22551904622324728
276,176,0.22401575445969546
276,275,0.2246334827820291
276,277,0.22961341991784395
276,376,0.2301114853802403
277,177,0.2294316948646131
277,276,0.22961341991784395
277,278,0.2355879449377867
277,377,0.23573378528578978
278,178,0.23580715365476915
278,277,0.2355879449377867
278,279,0.24245711734003542
278,378,0.24229053327511357
279,179,0.24303746632831902
279,278,0.24245711734003542
279,280,0.25010940240211604
279,379,0.24967397385322443
280,180,0.2510071284672158
280,279,0.25010940240211604
280,281,0.2584231488682607
280,380,0.2577653992151798
281,181,0.25959136036261043
281,280,0.2584231488682607
281,282,0.267268262318853
281,381,0.2664367513580477
282,182,0.2686578512029303
282,281,0.267268262318853
282,283,0.2765080468418143
282,382,0.2755524102422823
283,183,0.27806865364999434
283,282,0.2765080468418143
283,284,0.2860011838606039
283,383,0.2849711383417347
284,184,0.28768219622183133
284,283,0.2860011838606039
284,285,0.2956038137914818
284,384,0.2945481483475866
285,185,0.2973553781145785
285,284,0.2956038137914818
285,286,0.3051716836788366
285,385,0.30413725784509205
286,186,0.306945708996938
286,285,0.3051716836788366
286,287,0.3145623221533643
286,386,0.31359309253385337
287,187,0.31631345495159313
287,286,0.3145623221533643
287,288,0.3236372020205376
287,387,0.32277329806864874
288,188,0.3253237511562691
288,287,0.3236372020205376
288,289,0.33226385054699314
288,388,0.3315407198994367
289,189,0.3338486421135012
289,288,0.33226385054699314
289,290,0.3403178680842151
289,389,0.3397655106101227
290,190,0.3417690112568249
290,289,0.3403178680842151
290,291,0.34768481704906185
290,390,0.3473271252029232
291,191,0.348976363568799
291,290,0.34768481704906185
291,292,0.3542619454487466
291,391,0.35411616653787237
292,192,0.3553744274129186
292,291,0.3542619454487466
292,293,0.35995971205629335
292,392,0.36003604568702163
293,193,0.36088054506034695
293,292,0.35995971205629335
293,294,0.364703083957412
293,393,0.3650044252547632
294,194,0.3654268253213282
294,293,0.364703083957412
294,295,0.3684325814319692
294,394,0.3689544176881253
295,195,0.36896103619336396
295,294,0.3684325814319692
295,296,0.37110504991966725
295,395,0.3718355151771722
296,196,0.37144722042440603
296,295,0.37110504991966725
296,297,0.3726941440548611
296,396,0.37361423283595907
297,197,0.37286602225885634
297,296,0.3726941440548611
297,298,0.37319051433400563
297,397,0.37427445235714574
298,198,0.3732147192777998
298,297,0.37319051433400563
298,299,0.3726016927873893
298,398,0.3738174591373033
299,199,0.3725069590466501
299,298,0.3726016927873893
299,399,0.37226167185674375
300,200,0.8306781165713233
300,301,0.8278894153424403
300,400,0.8277172582302545
301,201,0.8275504432690174
301,300,0.8278894153424403
301,302,0.8248557513207058
301,401,0.8248829063398049
302,202,0.8243341890177597
302,301,0.8248557513207058
302,303,0.8217412797297683
302,402,0.821954814121102
303,203,0.821051872341404
303,302,0.8217412797297683
303,304,0.818563499222289
303,403,0.8189524484021119
304,204,0.8177189183447051
304,303,0.818563499222289
304,305,0.8153331580399715
304,404,0.8158883417010823
305,205,0.8143441764735444
305,304,0.8153331580399715
305,306,0.8120548356515231
305,405,0.8127686382922528
306,206,0.8109305367637789
306,305,0.8120548356515231
306,307,0.8087276104001426
306,406,0.8095937368856967
307,207,0.8074756216142791
307,306,0.8087276104001426
307,308,0.8053457897337353
307,407,0.8063590066497555
308,208,0.8039725295514558
308,307,0.8053457897337353
308,309,0.8018996793362585
308,408,0.8030555527468961
309,209,0.8004106074969356
309,308,0.8018996793362585
309,310,0.7983763678309401
309,409,0.79967100761405
310,210,0.7967762286894609
310,309,0.7983763678309401
310,311,0.7947605046610982
310,410,0.7961903248793984
311,211,0.7930535546150435
311,310,0.7947605046610982
311,312,0.7910350502337684
311,411,0.7925965540375695
312,212,0.7892252610211912
312,311,0.7910350502337684
312,313,0.787181979384604
312,412,0.7888715757596799
313,213,0.7852732102751252
313,312,0.787181979384604
313,314,0.7831829216275805
313,413,0.78499677993672
314,214,0.781179054905315
314,313,0.7831829216275805
314,315,0.7790197244183464
314,414,0.7809536711772487
315,215,0.7769247600648059
315,314,0.7790197244183464
315,316,0.7746749287062474
315,415,0.7767243894269491
316,216,0.7724930357913088
316,315,0.7746749287062474
316,317,0.7701321492919547
316,416,0.7722921365653899
317,217,0.7678676732257774
317,316,0.7701321492919547
317,318,0.7653763558563895
317,417,0.7676415031763808
318,218,0.7630337822987012
318,317,0.7653763558563895
318,319,0.7603940538919376
318,418,0.7627586930921032
319,219,0.7579779317115554
319,318,0.7603940538919376
319,320,0.7551733680591571
319,419,0.7576316466867656
320,220,0.7526881952418525
320,319,0.7551733680591571
320,321,0.7497040336245775
320,420,0.7522500671536898
321,221,0.7471541113998265
321,320,0.7497040336245775
321,322,0.7439773045260358
321,421,0.7466053570551954
322,222,0.7413665661850569
322,321,0.7439773045260358
322,323,0.7379857891865377
322,422,0.7406904752081926
323,223,0.7353176110620905
323,322,0.7379857891865377
323,324,0.7317232273898264
323,423,0.7344997263886316
324,224,0.7290002302348264
324,323,0.7317232273898264
324,325,0.7251842232850416
324,424,0.7280284983431139
325,225,0.7224080728006015
325,324,0.7251842232850416
325,326,0.7183639508599646
325,425,0.7212729621354498
326,226,0.7155351663691334
326,325,0.7183639508599646
326,327,0.711257848981045
326,426,0.7142297528912207
327,227,0.708375629214521
327,326,0.711257848981045
327,328,0.7038613233257429
327,427,0.706895648509337
328,228,0.700923397979699
328,327,0.7038613233257429
328,329,0.6961694722245373
328,428,0.6992672638747003
329,229,0.6931719873751635
329,328,0.6961694722245373
329,330,0.6881768525960078
329,429,0.6913407775328344
330,230,0.6851142972244464
330,329,0.6881768525960078
330,331,0.6798773008221048
330,430,0.6831117066923202
331,231,0.676742480637789
331,330,0.6798773008221048
331,332,0.6712638216083825
331,431,0.6745747448339329
332,232,0.6680478850854591
332,331,0.6712638216083825
332,333,0.6623285556542184
332,432,0.6657236741692776
333,233,0.6590210757474093
333,332,0.6623285556542184
333,334,0.6530628343802234
333,433,0.6565513627608778
334,234,0.6496519478006333
334,333,0.6530628343802234
334,335,0.6434573270931193
334,434,0.6470498533548292
335,235,0.6399299313426103
335,334,0.6434573270931193
335,336,0.6335022828889754
335,435,0.6372105479598869
336,236,0.6298442895180716
336,335,0.6335022828889754
336,337,0.6231878663863863
336,436,0.6270244890136536
337,237,0.6193845072014227
337,336,0.6231878663863863
337,338,0.6125045831284048
337,437,0.6164827346930113
338,238,0.6085407643755523
338,337,0.6125045831284048
338,339,0.6014437872838885
338,438,0.6055768226403806
339,239,0.5973044852270385
339,338,0.6014437872838885
339,340,0.5899982612031485
339,439,0.5942993131790792
340,240,0.5856689510340451
340,339,0.5899982612031485
340,341,0.5781628535244487
340,440,0.5826444000675705
341,241,0.5736299622386758
341,340,0.5781628535244487
341,342,0.5659351599673877
341,441,0.5706085740778604
342,242,0.5611865327467915
342,341,0.5659351599673877
342,343,0.5533162287601295
342,442,0.5581913222559801
343,243,0.5483415975540363
343,342,0.5533162287601295
343,344,0.5403112708948764
343,443,0.5453958437030284
344,244,0.5351027133163784
344,343,0.5403112708948764
344,345,0.5269303541446708
344,444,0.5322297611647566
345,245,0.5214827305152001
345,344,0.5269303541446708
345,346,0.5131890590477128
345,445,0.5187058066862429
346,246,0.5075004154468955
346,345,0.5131890590477128
346,347,0.49910907490312106
346,446,0.5048424591135021
347,247,0.4931810004178721
347,346,0.49910907490312106
347,348,0.4847187142410697
347,447,0.4906645113302163
348,248,0.4785566412566839
348,347,0.4847187142410697
348,349,0.4700533252328571
348,448,0.47620354581529667
349,249,0.46366676256031525
349,348,0.4700533252328571
349,350,0.4551555830806415
349,449,0.4614982983913736
350,250,0.4485582729517017
350,349,0.4551555830806415
350,351,0.44007564354600803
350,450,0.44659489188663637
351,251,0.43328563500674455
351,350,0.44007564354600803
351,352,0.4248711444010521
351,451,0.4315469238195635
352,252,0.41791077736435017
352,351,0.4248711444010521
352,353,0.4096070436621885
352,452,0.4164153950912134
353,253,0.4025028398031181
353,352,0.4096070436621885
353,354,0.3943552869304109
353,453,0.4012684699734824
354,254,0.3871377456828402
354,353,0.3943552869304109
354,355,0.37919429993682835
354,454,0.3861810613432277
355,255,0.3718976000281027
355,354,0.37919429993682835
355,356,0.36420830639476653
355,455,0.3712342390508203
356,256,0.3568699155874274
356,355,0.36420830639476653
356,357,0.34948647539842814
356,456,0.3565144634388249
357,257,0.3421466733412435
357,356,0.34948647539842814
357,358,0.3351219067871436
357,457,0.3421126502473832
358,258,0.32782322805862496
358,357,0.3351219067871436
358,359,0.32121046701504286
358,458,0.3281230773589472
359,259,0.31399707351790085
359,358,0.32121046701504286
359,360,0.3078494920296455
359,459,0.31464214794601336
360,260,0.30076648581258414
360,359,0.3078494920296455
360,361,0.2951363773724578
360,460,0.30176702849196857
361,261,0.28822906666741915
361,360,0.2951363773724578
361,362,0.2831670790774977
361,461,0.2895941837606112
362,262,0.27648021180103594
362,361,0.2831670790774977
362,363,0.27203455187351266
362,462,0.2782178340032002
363,263,0.2656115320105898
363,362,0.27203455187351266
363,364,0.26182715361482545
363,463,0.26772836242940823
364,264,0.2557092567482645
364,363,0.26182715361482545
364,365,0.2526270467069734
364,464,0.2582107031561821
365,265,0.24685265144938975
365,364,0.2526270467069734
365,366,0.24450862850151278
365,465,0.24974274142354164
366,266,0.2391124807097805
366,365,0.24450862850151278
366,367,0.23753702316792683
366,466,0.24239375877901512
367,267,0.23254954956237162
367,366,0.23753702316792683
367,368,0.23176666738264534
367,467,0.23622295614716118
368,268,0.22721335455217917
368,367,0.23176666738264534
368,369,0.22724002129430626
368,468,0.23127808719733023
369,269,0.22314087505128044
369,368,0.22724002129430626
369,370,0.2239864346350705
369,469,0.2275942331970139
370,270,0.2203555333053665
370,369,0.2239864346350705
370,371,0.2220211955706226
370,470,0.22519274860187283
371,271,0.21886634908939998
371,370,0.2220211955706226
371,372,0.22134478695270005
371,471,0.22408040401479684
372,272,0.21866731161659717
372,371,0.22134478695270005
372,373,0.22194237110911377
372,472,0.22424874988896665
373,273,0.21973698755123383
373,372,0.22194237110911377
373,374,0.22378352024286213
373,473,0.2256737205126896
374,274,0.22203837969401374
374,373,0.22378352024286213
374,375,0.2268222049926229
374,474,0.2283154934692154
375,275,0.22551904622324728
375,374,0.2268222049926229
375,376,0.23099704882145847
375,475,0.23211861499791825
376,276,0.2301114853802403
376,375,0.23099704882145847
376,377,0.2362318507481861
376,476,0.23701239658960058
377,277,0.23573378528578978
377,376,0.2362318507481861
377,378,0.24243637362311665
377,477,0.2429115828325108
378,278,0.24229053327511357
378,377,0.24243637362311665
378,379,0.2495073897883026
378,478,0.24971728509758018
379,279,0.24967397385322443
379,378,0.2495073897883026
379,380,0.2573299706662882
379,479,0.2573181702260172
380,280,0.2577653992151798
380,379,0.2573299706662882
380,381,0.2657790017049669
380,480,0.2655918880759752
381,281,0.2664367513580477
381,380,0.2657790017049669
381,382,0.274720899281477
381,481,0.27440671671281747
382,282,0.2755524102422823
382,381,0.274720899281477
382,383,0.28401550174220264
382,482,0.2836233993011542
383,283,0.2849711383417347
383,382,0.28401550174220264
383,384,0.2935181028287174
383,483,0.29309714248210855
384,284,0.2945481483475866
384,383,0.2935181028287174
384,385,0.3030815924011968
384,484,0.30267974229337746
385,285,0.30413725784509205
385,384,0.3030815924011968
385,386,0.3125586667001088
385,485,0.3122218005993442
386,286,0.31359309253385337
386,385,0.3125586667001088
386,387,0.3218040684491378
386,486,0.32157499261775396
387,287,0.32277329806864874
387,386,0.3218040684491378
387,388,0.3306768159475479
387,487,0.330594344518087
388,288,0.3315407198994367
388,387,0.3306768159475479
388,389,0.33904237996256636
388,488,0.3391404792685573
389,289,0.3397655106101227
389,388,0.33904237996256636
389,390,0.34677476772883087
389,489,0.3470817889507699
390,290,0.3473271252029232
390,389,0.34677476772883087
390,391,0.3537584746917337
390,490,0.35429649265277596
391,291,0.35411616653787237
391,390,0.3537584746917337
391,392,0.3598902667761473
391,491,0.3606745407839884
392,292,0.36003604568702163
392,391,0.3598902667761473
392,393,0.36508075888549146
392,492,0.36611932920256207
393,293,0.3650044252547632
393,392,0.36508075888549146
393,394,0.36925575898547647
393,493,0.37054918986317553
394,294,0.3689544176881253
394,393,0.36925575898547647
394,395,0.37235735143332827
394,494,0.3738986287198322
395,295,0.3718355151771722
395,394,0.37235735143332827
395,396,0.37434469809346405
395,495,0.3761192862776789
396,296,0.37361423283595907
396,395,0.37434469809346405
396,397,0.37519454113824363
396,496,0.3771806013894285
397,297,0.37427445235714574
397,396,0.37519454113824363
397,398,0.3749013971604434
397,497,0.37707016453285047
398,298,0.3738174591373033
398,397,0.3749013971604434
398,399,0.3734774382066578
398,498,0.3757937527730012
399,299,0.37226167185674375
399,398,0.3734774382066578
399,499,0.37337504478563904
400,300,0.8277172582302545
400,401,0.8247107492276191
