u,v,cost
0,1,0.4342738837905713
0,100,0.439936733331888
1,0,0.4342738837905713
1,2,0.41687233959935077
1,101,0.4232870892999302
2,1,0.41687233959935077
2,3,0.39913009550093403
2,102,0.4060363678182441
3,2,0.39913009550093403
3,4,0.38145950833965075
3,103,0.3885974495136091
4,3,0.38145950833965075
4,5,0.3642833757269359
4,104,0.3714034771107517
5,4,0.3642833757269359
5,6,0.34802195198712527
5,105,0.3548942535043855
6,5,0.34802195198712527
6,7,0.3330800194869665
6,106,0.3395023251865663
7,6,0.3330800194869665
7,8,0.319834416715261
7,107,0.32563920235110955
8,7,0.319834416715261
8,9,0.30862240355593695
8,108,0.313682159305513
9,8,0.30862240355593695
9,10,0.2997312125997532
9,109,0.3039620371366637
10,9,0.2997312125997532
10,11,0.2933890946637719
10,110,0.29675243611291285
11,10,0.2933890946637719
11,12,0.289758118654692
11,111,0.292260639598967
12,11,0.289758118654692
12,13,0.28892893227592487
12,112,0.29062055608432247
13,12,0.28892893227592487
13,14,0.29091763254775826
13,113,0.29188790320400776
14,13,0.29091763254775826
14,15,0.2956648352888599
14,114,0.2960377893575449
15,14,0.2956648352888599
15,16,0.3030369720544863
15,115,0.3029647767087018
16,15,0.3030369720544863
16,17,0.3128297828365989
16,116,0.3124854359266869
17,16,0.3128297828365989
17,18,0.32477391423484414
17,117,0.3243433298735459
18,17,0.32477391423484414
18,19,0.33854247679059446
18,118,0.3382162923058011
19,18,0.33854247679059446
19,20,0.35376036261003213
19,119,0.35372580017074734
20,19,0.35376036261003213
20,21,0.370015076082177
20,120,0.37044817574513833
21,20,0.370015076082177
21,22,0.3868687871849325
21,121,0.387927299072722
22,21,0.3868687871849325
22,23,0.4038712793311707
22,122,0.4056884631828277
23,22,0.4038712793311707
23,24,0.42057343273361625
23,123,0.4232529655857049
24,23,0.42057343273361625
24,25,0.43654086070388815
24,124,0.44015300060891144
25,24,0.43654086070388815
25,26,0.451367301032391
25,125,0.4559463992195325
26,25,0.451367301032391
26,27,0.46468735852684695
26,126,0.47023075689781674
27,26,0.46468735852684695
27,28,0.4761881988008
27,127,0.482656496560254
28,27,0.4761881988008
28,29,0.4856198082990245
28,128,0.4929384329481129
29,28,0.4856198082990245
29,30,0.49280346196558045
29,129,0.5008654375287672
30,29,0.49280346196558045
30,31,0.4976380782997366
30,130,0.5063078487283085
31,30,0.4976380782997366
31,32,0.500104191870498
31,131,0.5092223307941204
32,31,0.500104191870498
32,33,0.5002653353208675
32,132,0.5096539549344882
33,32,0.5002653353208675
33,34,0.49826669564797665
33,133,0.5077353573053459
34,33,0.49826669564797665
34,35,0.49433099171232375
34,134,0.5036829181381408
35,34,0.49433099171232375
35,36,0.4887516095570689
35,135,0.49779000256691064
36,35,0.4887516095570689
36,37,0.4818831266915904
36,136,0.4904174037887202
37,36,0.4818831266915904
37,38,0.47412945297507125
37,137,0.4819812299312613
38,37,0.47412945297507125
38,39,0.4659299106457301
38,138,0.4729385739147106
39,38,0.4659299106457301
39,40,0.4577436655731328
39,139,0.46377139695871566
40,39,0.4577436655731328
40,41,0.4500330019829575
40,140,0.45496913737960976
41,40,0.4500330019829575
41,42,0.4432459997371727
41,141,0.4470106231903504
42,41,0.4432459997371727
42,43,0.4377992229721678
42,142,0.44034591623801855
43,42,0.4377992229721678
43,44,0.4340610581396696
43,143,0.4353787440966972
44,43,0.4340610581396696
44,45,0.4323363455179122
44,144,0.43245018119034073
45,44,0.4323363455179122
45,46,0.4328529291368167
45,145,0.4318242209433665
46,45,0.4328529291368167
46,47,0.43575070484885625
46,146,0.4336758353671799
47,46,0.43575070484885625
47,48,0.4410736751503642
47,147,0.4380820476545685
48,47,0.4410736751503642
48,49,0.44876542368802275
48,148,0.445016448455234
49,48,0.44876542368802275
49,50,0.4586683047679828
49,149,0.4543474700712937
50,49,0.4586683047679828
50,51,0.47052650740390006
50,150,0.46584059847819376
51,50,0.47052650740390006
51,52,0.48399300436484216
51,151,0.47916455550094084
52,51,0.48399300436484216
52,53,0.4986402401055188
52,152,0.4939013281865472
53,52,0.4986402401055188
53,54,0.5139742538680884
53,153,0.5095597656092212
54,53,0.5139742538680884
54,55,0.5294517825485205
54,154,0.5255923116430884
55,54,0.5294517825485205
55,56,0.5444997491428063
55,155,0.5414143023888807
56,55,0.5444997491428063
56,57,0.5585364235236117
56,156,0.5564251355180925
57,56,0.5585364235236117
57,58,0.5709934491684738
57,157,0.5700305218722403
58,57,0.5709934491684738
58,59,0.5813378675817285
58,158,0.5816649624822863
59,58,0.5813378675817285
59,60,0.5890932456266307
59,159,0.5908135609024284
60,59,0.5890932456266307
60,61,0.5938590224415652
60,160,0.5970322841713742
61,60,0.5938590224415652
61,62,0.5953272430145717
61,161,0.5999658270523043
62,61,0.5953272430145717
62,63,0.593295934000885
62,162,0.5993623130003294
63,62,0.593295934000885
63,64,0.5876785013266825
63,163,0.595084179361547
64,63,0.5876785013266825
64,65,0.5785086840912401
64,164,0.5871147397081142
65,64,0.5785086840912401
65,66,0.5659407791923518
65,165,0.5755600874527067
66,65,0.5659407791923518
66,67,0.5502450484941454
66,166,0.560646195064705
67,66,0.5502450484941454
67,68,0.5317984266887219
67,167,0.5427112643170728
68,67,0.5317984266887219
68,69,0.5110708540281341
68,168,0.5221935862458478
69,68,0.5110708540281341
69,70,0.4886077543030982
69,169,0.4996153657489181
70,69,0.4886077543030982
70,71,0.46500935548619815
70,170,0.4755631458883238
71,70,0.46500935548619815
71,72,0.44090769965496035
71,171,0.4506656223879587
72,71,0.44090769965496035
72,73,0.41694230257248205
72,172,0.42556976186082707
73,72,0.41694230257248205
73,74,0.393735495536572
73,173,0.4009162216073693
74,73,0.393735495536572
74,75,0.37186850855759335
74,174,0.377315109720353
75,74,0.37186850855759335
75,76,0.35185933243190504
75,175,0.35532311897729163
76,75,0.35185933243190504
76,77,0.3341433279395217
76,176,0.3354230159897813
77,76,0.3341433279395217
77,78,0.319057435614733
77,177,0.318006369911106
78,77,0.319057435614733
78,79,0.30682868396125274
78,178,0.30336026646301506
79,78,0.30682868396125274
79,80,0.29756750431468737
79,179,0.29165857896220565
80,79,0.29756750431468737
80,81,0.29126614527402556
80,180,0.28295816604704893
81,80,0.29126614527402556
81,82,0.2878022485998115
81,181,0.27720014503671875
82,81,0.2878022485998115
82,83,0.2869474125069418
82,182,0.2742161604629227
83,82,0.2869474125069418
83,84,0.28838033857139717
83,183,0.27373934003727923
84,83,0.28838033857139717
84,85,0.29170394608947714
84,184,0.2754194159494366
85,84,0.29170394608947714
85,86,0.2964656530493223
85,185,0.2788412982510108
86,85,0.2964656530493223
86,87,0.3021798750514324
86,186,0.28354622849462574
87,86,0.3021798750514324
87,88,0.3083516900058198
87,187,0.2890545236226062
88,87,0.3083516900058198
88,89,0.3145005626044425
88,188,0.29488884831281037
89,88,0.3145005626044425
89,90,0.32018302139560734
89,189,0.30059693236319257
90,89,0.32018302139560734
90,91,0.325013233179853
90,190,0.30577267958569465
91,90,0.325013233179853
91,92,0.32868052219125377
91,191,0.31007469491998985
92,91,0.32868052219125377
92,93,0.3309630303709954
92,192,0.3132413834157727
93,92,0.3309630303709954
93,94,0.33173690289986957
93,193,0.31510194238169187
94,93,0.33173690289986957
94,95,0.3309806009563223
94,194,0.31558276831446974
95,94,0.3309806009563223
95,96,0.3287741807740791
95,195,0.31470902348334195
96,95,0.3287741807740791
96,97,0.32529362282330576
96,196,0.31260134233169284
97,96,0.32529362282330576
97,98,0.3208005352171388
97,197,0.3094678935879847
98,97,0.3208005352171388
98,99,0.3156277792986795
98,198,0.3055922384890755
99,98,0.3156277792986795
99,199,0.3013176276572769
100,0,0.439936733331888
100,101,0.4289499388412469
100,200,0.4347336533221894
101,1,0.4232870892999302
101,100,0.4289499388412469
101,102,0.41245111751882346
101,201,0.41908074775659254
102,2,0.4060363678182441
102,101,0.41245111751882346
102,103,0.3955037218309192
102,202,0.4027098105574264
103,3,0.3885974495136091
103,102,0.3955037218309192
103,104,0.3785414182847101
103,203,0.38605189601153156
104,4,0.3714034771107517
104,103,0.3785414182847101
104,105,0.3620143548882014
104,204,0.36956492905482313
105,5,0.3548942535043855
105,104,0.3620143548882014
105,106,0.34637462670382657
105,205,0.3537186668090887
106,6,0.3395023251865663
106,105,0.34637462670382657
106,107,0.33206150805070933
106,206,0.33897902340737496
107,7,0.32563920235110955
107,106,0.33206150805070933
107,108,0.31948694494136143
107,207,0.3257922977687343
108,8,0.313682159305513
108,107,0.31948694494136143
108,109,0.30902179288623977
108,208,0.31456985066080073
109,9,0.3039620371366637
109,108,0.30902179288623977
109,110,0.3009832606498234
109,209,0.3056737647509349
110,10,0.29675243611291285
110,109,0.3009832606498234
110,111,0.29562398104810794
110,210,0.29940399005722873
111,11,0.292260639598967
111,110,0.29562398104810794
111,112,0.2931230770285974
111,211,0.29598742856893334
112,12,0.29062055608432247
112,111,0.2931230770285974
112,113,0.2935795270124053
112,212,0.29556934767415755
113,13,0.29188790320400776
113,112,0.2935795270124053
113,114,0.29700806001379443
113,213,0.29820743474756006
114,14,0.2960377893575449
114,113,0.29700806001379443
114,115,0.3033377307773868
114,214,0.3038687175246603
115,15,0.3029647767087018
115,114,0.3033377307773868
115,116,0.31241324058090236
115,215,0.3124294797064828
116,16,0.3124854359266869
116,115,0.31241324058090236
116,117,0.32399898296363394
116,216,0.3236782017497766
117,17,0.3243433298735459
117,116,0.32399898296363394
117,118,0.3377857079445028
117,217,0.33732145622037013
118,18,0.3382162923058011
118,117,0.3377857079445028
118,119,0.3533996156859539
118,218,0.3529925886060781
119,19,0.35372580017074734
119,118,0.3533996156859539
119,120,0.37041361330585354
119,219,0.37026292116847354
120,20,0.37044817574513833
120,119,0.37041361330585354
120,121,0.3883603987356834
120,220,0.3886551321314513
121,21,0.387927299072722
121,120,0.3883603987356834
121,122,0.4067469750706172
121,221,0.40765838786664765
122,22,0.4056884631828277
122,121,0.4067469750706172
122,123,0.4250701494373619
122,222,0.42674474402848683
123,23,0.4232529655857049
123,122,0.4250701494373619
123,124,0.4428325334610001
123,223,0.4453862847328674
124,24,0.44015300060891144
124,123,0.4428325334610001
124,125,0.4595585391245558
124,224,0.46307243837348233
125,25,0.4559463992195325
125,124,0.4595585391245558
125,126,0.47480985508495827
125,225,0.47932689559940966
126,26,0.47023075689781674
126,125,0.47480985508495827
126,127,0.48819989493122373
126,226,0.49372355994433104
127,27,0.482656496560254
127,126,0.48819989493122373
127,128,0.4994067307075668
127,227,0.505900984727565
128,28,0.4929384329481129
128,127,0.4994067307075668
128,129,0.5081840621778556
128,228,0.5155747907729615
129,29,0.5008654375287672
129,128,0.5081840621778556
129,130,0.5143698242914952
129,229,0.5225476173485597
130,30,0.5063078487283085
130,129,0.5143698242914952
130,131,0.5178921012226922
130,230,0.5267162321571575
131,31,0.5092223307941204
131,130,0.5178921012226922
131,132,0.5187720938581106
131,231,0.5280755133609233
132,32,0.5096539549344882
132,131,0.5187720938581106
132,133,0.5171239769189666
132,232,0.5267191151948738
133,33,0.5077353573053459
133,132,0.5171239769189666
133,134,0.5131515797955101
133,233,0.5228367359792949
134,34,0.5036829181381408
134,133,0.5131515797955101
134,135,0.5071419289927277
134,234,0.516708020164776
135,35,0.49779000256691064
135,134,0.5071419289927277
135,136,0.4994557967985619
135,235,0.5086932410037769
136,36,0.4904174037887202
136,135,0.4994557967985619
136,137,0.4905155070283911
136,236,0.49922102387136746
137,37,0.4819812299312613
137,136,0.4905155070283911
137,138,0.4807903508709006
137,237,0.48877347834661744
138,38,0.4729385739147106
138,137,0.4807903508709006
138,139,0.4707800602276962
138,238,0.4778692060784443
139,39,0.46377139695871566
139,138,0.4707800602276962
139,140,0.46099686876519264
139,239,0.4670447374561515
140,40,0.45496913737960976
140,139,0.46099686876519264
140,141,0.4519467585870027
140,240,0.45683501967878726
141,41,0.4470106231903504
141,140,0.4519467585870027
141,142,0.4441105396911962
141,241,0.447753628836727
142,42,0.44034591623801855
142,141,0.4441105396911962
142,143,0.43792543736254796
142,242,0.4402734064676737
143,43,0.4353787440966972
143,142,0.43792543736254796
143,144,0.43376786714736826
143,243,0.434808224763976
144,44,0.43245018119034073
144,143,0.43376786714736826
144,145,0.431938056615795
144,244,0.431696563000121
145,45,0.4318242209433665
145,144,0.431938056615795
145,146,0.43264712717372966
145,245,0.43118753050733805
146,46,0.4336758353671799
146,145,0.43264712717372966
146,147,0.43600717817289203
146,246,0.43342989928789777
147,47,0.4380820476545685
147,146,0.43600717817289203
147,148,0.4420248209594383
147,247,0.438464613770256
148,48,0.445016448455234
148,147,0.4420248209594383
148,149,0.450598494838505
148,248,0.4462211288889016
149,49,0.4543474700712937
149,148,0.450598494838505
149,150,0.4615197637815046
149,249,0.4565177942155787
150,50,0.46584059847819376
150,149,0.4615197637815046
150,151,0.47447864657523453
150,250,0.4690663557259228
151,51,0.47916455550094084
151,150,0.47447864657523453
151,152,0.4890728793226458
151,251,0.4834804931489147
152,52,0.4939013281865472
152,151,0.4890728793226458
152,153,0.5048208536902496
152,252,0.49928815547072763
153,53,0.5095597656092212
153,152,0.5048208536902496
153,154,0.5211778233842213
153,253,0.5159473061560025
154,54,0.5255923116430884
154,153,0.5211778233842213
154,155,0.5375548314834486
154,254,0.5328645492250403
155,55,0.5414143023888807
155,154,0.5375548314834486
155,156,0.5533396887641671
155,255,0.5494159835490748
156,56,0.5564251355180925
156,155,0.5533396887641671
156,157,0.5679192338667213
156,256,0.564969531237456
157,57,0.5700305218722403
157,156,0.5679192338667213
157,158,0.5807020351860528
157,257,0.5789079117363503
158,58,0.5816649624822863
158,157,0.5807020351860528
158,159,0.5911406558029861
158,258,0.5906513902380385
159,59,0.5908135609024284
159,158,0.5911406558029861
159,160,0.5987525994471719
159,259,0.5996794200427725
160,60,0.5970322841713742
160,159,0.5987525994471719
160,161,0.6031390887821132
160,260,0.605550325100082
161,61,0.5999658270523043
161,160,0.6031390887821132
161,162,0.6040008970380619
161,261,0.6079182310833738
162,62,0.5993623130003294
162,161,0.6040008970380619
162,163,0.6011505583609915
162,262,0.6065465494768467
163,63,0.595084179361547
163,162,0.6011505583609915
163,164,0.5945204177429788
163,263,0.6013174461939481
164,64,0.5871147397081142
164,163,0.5945204177429788
164,165,0.5841661430695809
164,264,0.592236879655859
165,65,0.5755600874527067
165,164,0.5841661430695809
165,166,0.5702655033250601
165,265,0.5794349671773582
166,66,0.560646195064705
166,165,0.5702655033250601
166,167,0.5531124108876325
166,266,0.5631616259806791
167,67,0.5427112643170728
167,166,0.5531124108876325
167,168,0.5331064238741987
167,267,0.5437776284132756
168,68,0.5221935862458478
168,167,0.5331064238741987
168,169,0.5107380979666318
168,268,0.5217414017221058
169,69,0.4996153657489181
169,168,0.5107380979666318
169,170,0.4865707573341438
169,269,0.49759208265074856
170,70,0.4755631458883238
170,169,0.4865707573341438
170,171,0.4612194127900844
170,270,0.47192949805242934
171,71,0.4506656223879587
171,170,0.4612194127900844
171,172,0.4353276845938254
171,271,0.44539187717377704
172,72,0.42556976186082707
172,171,0.4353276845938254
172,173,0.40954368089571436
172,272,0.41863220279641733
173,73,0.4009162216073693
173,172,0.40954368089571436
173,174,0.3844958357911503
173,273,0.3922941719067715
174,74,0.377315109720353
174,173,0.3844958357911503
174,175,0.36076972014005126
174,274,0.3669887585011713
175,75,0.35532311897729163
175,174,0.36076972014005126
175,176,0.33888680253516795
175,275,0.3432723498554379
176,76,0.3354230159897813
176,175,0.33888680253516795
176,177,0.3192860579613656
176,276,0.3216273633818106
177,77,0.318006369911106
177,176,0.3192860579613656
177,178,0.30230920075938794
177,277,0.30244614633629263
178,78,0.30336026646301506
178,177,0.30230920075938794
178,179,0.2881901614639679
178,278,0.2860188193278578
179,79,0.29165857896220565
179,178,0.2881901614639679
179,180,0.2770492406945672
179,279,0.2725255527891527
180,80,0.28295816604704893
180,179,0.2770492406945672
180,181,0.2688921658097422
180,280,0.2620335707910548
181,81,0.27720014503671875
181,180,0.2688921658097422
181,182,0.26361405689983
181,281,0.2544989675108881
182,82,0.2742161604629227
182,181,0.26361405689983
182,183,0.26100808799326014
182,282,0.24977320778881335
183,83,0.27373934003727923
183,182,0.26100808799326014
183,184,0.26077841741531865
183,283,0.2476139743821715
184,84,0.2754194159494366
184,183,0.26077841741531865
184,185,0.2625567681109703
184,284,0.24769983049905905
185,85,0.2788412982510108
185,184,0.2625567681109703
185,186,0.26592187369631426
185,285,0.24964799612534144
186,86,0.28354622849462574
186,185,0.26592187369631426
186,187,0.27042087706579954
186,286,0.2530343986854229
187,87,0.2890545236226062
187,186,0.27042087706579954
187,188,0.27559168192959677
187,287,0.25741505938350995
188,88,0.29488884831281037
188,187,0.27559168192959677
188,189,0.2809852180715605
188,288,0.26234782105564425
189,89,0.30059693236319257
189,188,0.2809852180715605
189,190,0.2861865905532799
189,289,0.26741341436565136
190,90,0.30577267958569465
190,189,0.2861865905532799
190,191,0.2908341413258315
190,290,0.27223489732323664
191,91,0.31007469491998985
191,190,0.2908341413258315
191,192,0.29463555614450876
191,291,0.27649458673498506
192,92,0.3132413834157727
192,191,0.29463555614450876
192,193,0.29738029542646915
192,292,0.2799477254425222
193,93,0.31510194238169187
193,192,0.29738029542646915
193,194,0.29894780779629193
193,293,0.2824322901254246
194,94,0.31558276831446974
194,193,0.29894780779629193
194,195,0.2993111908414894
194,294,0.2838745333365147
195,95,0.31470902348334195
195,194,0.2993111908414894
195,196,0.2985361850409557
195,295,0.2842900611647587
196,96,0.31260134233169284
196,195,0.2985361850409557
196,197,0.2967756130963718
196,296,0.28378046438227167
197,97,0.3094678935879847
197,196,0.2967756130963718
197,198,0.2942595968599214
197,297,0.28252573554458815
198,98,0.3055922384890755
198,197,0.2942595968599214
198,199,0.29128208684767287
198,298,0.2807729067422632
199,99,0.3013176276572769
199,198,0.29128208684767287
199,299,0.2788215225881394
200,100,0.4347336533221894
200,201,0.42486446223753505
200,300,0.43094106665498255
201,101,0.41908074775659254
201,200,0.42486446223753505
201,202,0.40933944079519546
201,301,0.416336590911849
202,102,0.4027098105574264
202,201,0.40933944079519546
202,203,0.39325798473803886
202,302,0.4008978654088917
203,103,0.38605189601153156
203,202,0.39325798473803886
203,204,0.37707540678164464
203,303,0.3850745528844383
204,104,0.36956492905482313
204,203,0.37707540678164464
204,205,0.36126924097571045
204,304,0.3693494635136072
205,105,0.3537186668090887
205,204,0.36126924097571045
205,206,0.3463230635126372
205,305,0.35422198918993064
206,106,0.33897902340737496
206,205,0.3463230635126372
206,207,0.33270981312540004
206,306,0.34019060127907297
207,107,0.3257922977687343
207,206,0.33270981312540004
207,208,0.3208752034881736
207,307,0.3277350461873394
208,108,0.31456985066080073
208,207,0.3208752034881736
208,209,0.3112218225254959
208,308,0.3172988926171383
209,109,0.3056737647509349
209,208,0.3112218225254959
209,210,0.30409449415834033
209,309,0.3092730789367066
210,110,0.29940399005722873
210,209,0.30409449415834033
210,211,0.29976743757805413
210,310,0.303981078884353
211,111,0.29598742856893334
211,210,0.29976743757805413
211,212,0.2984336992144935
211,311,0.3016662500333098
212,112,0.29556934767415755
212,211,0.2984336992144935
212,213,0.3001972554093123
212,312,0.3024818541361561
213,113,0.29820743474756006
213,212,0.3001972554093123
213,214,0.3050680922584259
213,313,0.3064841445225621
214,114,0.3038687175246603
214,213,0.3050680922584259
214,215,0.31296046645375636
214,314,0.31362880669124743
215,115,0.3124294797064828
215,214,0.31296046645375636
215,216,0.32369444087535704
215,315,0.3237709181946954
216,116,0.3236782017497766
216,215,0.32369444087535704
216,217,0.33700067500651276
216,316,0.3366684673072086
217,117,0.33732145622037013
217,216,0.33700067500651276
217,218,0.35252833688194546
217,317,0.3519893414324309
218,118,0.3529925886060781
218,217,0.35252833688194546
218,219,0.3698558940885977
218,318,0.36932157040851893
219,119,0.37026292116847354
219,218,0.3698558940885977
219,220,0.3885044399940713
219,319,0.38818649132800936
220,120,0.3886551321314513
220,219,0.3885044399940713
220,221,0.4079531212624156
220,320,0.40805439442708386
221,121,0.40765838786664765
221,220,0.4079531212624156
221,222,0.4276561568245173
221,321,0.428362117798706
222,122,0.42674474402848683
222,221,0.4276561568245173
222,223,0.44706087932399236
222,322,0.44853198536978534
223,123,0.4453862847328674
223,222,0.44706087932399236
223,224,0.46562618964534963
223,323,0.4679914303196765
224,124,0.46307243837348233
224,223,0.46562618964534963
224,225,0.4828407948483363
224,324,0.4861926167387457
225,125,0.47932689559940966
225,224,0.4828407948483363
225,226,0.4982406004587825
225,325,0.502631366881891
226,126,0.49372355994433104
226,225,0.4982406004587825
226,227,0.5114246497406723
226,326,0.5168647201068098
227,127,0.505900984727565
227,226,0.5114246497406723
227,228,0.5220690447929597
227,327,0.5285264919384907
228,128,0.5155747907729615
228,227,0.5220690447929597
228,229,0.5299383459436657
228,328,0.5373402663261039
229,129,0.5225476173485597
229,228,0.5299383459436657
229,230,0.534894025214222
229,329,0.5431293389768748
230,130,0.5267162321571575
230,229,0.534894025214222
230,231,0.5368996442953884
230,330,0.5458232319152541
231,131,0.5280755133609233
231,230,0.5368996442953884
231,232,0.5360225346976866
231,331,0.545460515791971
232,132,0.5267191151948738
232,231,0.5360225346976866
232,233,0.5324318742552021
232,332,0.54218780313951
233,133,0.5228367359792949
233,232,0.5324318742552021
233,234,0.5263931763485608
233,333,0.5362549085512675
234,134,0.516708020164776
234,233,0.5263931763485608
234,235,0.5182593321758251
234,334,0.5280063062188574
235,135,0.5086932410037769
235,234,0.5182593321758251
235,236,0.5084584680765825
235,335,0.5178691468512026
236,136,0.49922102387136746
236,235,0.5084584680765825
236,237,0.4974789951895939
236,336,0.506338220201815
237,137,0.48877347834661744
237,236,0.4974789951895939
237,238,0.48585233355416113
237,337,0.49395836189572606
238,138,0.4778692060784443
238,237,0.48585233355416113
238,239,0.47413388330689954
238,338,0.48130489993060876
239,139,0.4670447374561515
239,238,0.47413388330689954
239,240,0.4628828883697461
239,339,0.46896281352617253
240,140,0.45683501967878726
240,239,0.4628828883697461
240,241,0.45264188992851156
240,340,0.4575053318805042
241,141,0.447753628836727
241,240,0.45264188992851156
241,242,0.44391649561320445
241,341,0.447472730515993
242,142,0.4402734064676737
242,241,0.44391649561320445
242,243,0.43715619386910176
242,342,0.4393520867001104
243,143,0.434808224763976
243,242,0.43715619386910176
243,244,0.43273692061672875
243,343,0.43355873221101127
244,144,0.431696563000121
244,243,0.43273692061672875
244,245,0.4309460368916641
244,344,0.4304200917072255
245,145,0.43118753050733805
245,244,0.4309460368916641
245,246,0.43197030262150615
245,345,0.4301625193234331
246,146,0.43342989928789777
246,245,0.43197030262150615
246,247,0.43588733488526166
246,346,0.43290164696214484
247,147,0.438464613770256
247,246,0.43588733488526166
247,248,0.44266092169971927
247,347,0.4386366381019555
248,148,0.4462211288889016
248,247,0.44266092169971927
248,249,0.45214042826597534
248,348,0.44724860465035576
249,149,0.4565177942155787
249,248,0.45214042826597534
249,250,0.4640643861599969
249,349,0.45850329601672823
250,150,0.4690663557259228
250,249,0.4640643861599969
250,251,0.47806820229960306
250,350,0.4720580143455605
251,151,0.4834804931489147
251,250,0.47806820229960306
251,252,0.49369576929699654
251,351,0.487472553331934
252,152,0.49928815547072763
252,251,0.49369576929699654
252,253,0.5104146079364805
252,352,0.5042238060729471
253,153,0.5159473061560025
253,252,0.5104146079364805
253,254,0.5276340319968216
253,353,0.5217235458393806
254,154,0.5328645492250403
254,253,0.5276340319968216
254,255,0.5447257012906666
254,354,0.5393387581232733
255,155,0.5494159835490748
255,254,0.5447257012906666
255,256,0.5610458260223639
255,355,0.556413798033259
256,156,0.564969531237456
256,255,0.5610458260223639
256,257,0.575958209107085
256,356,0.5722935686133019
257,157,0.5789079117363503
257,256,0.575958209107085
257,258,0.5888572667883358
257,357,0.5863468666246462
258,158,0.5906513902380385
258,257,0.5888572667883358
258,259,0.5991901544778249
258,358,0.5979890253749889
259,159,0.5996794200427725
259,258,0.5991901544778249
259,260,0.6064771456956826
259,359,0.6067030007212704
260,160,0.605550325100082
260,259,0.6064771456956826
260,261,0.6103294674013426
260,360,0.612058096524783
261,161,0.6079182310833738
261,260,0.6103294674013426
261,262,0.6104638835221587
261,361,0.6137256083507148
262,162,0.6065465494768467
262,261,0.6104638835221587
262,263,0.6067134373098033
262,362,0.6114907764707858
263,163,0.6013174461939481
263,262,0.6067134373098033
263,264,0.5990339081068284
263,363,0.605260577340816
264,164,0.592236879655859
264,263,0.5990339081068284
264,265,0.5875057037636363
264,364,0.5950670415992139
265,165,0.5794349671773582
265,264,0.5875057037636363
265,266,0.5723310898329772
265,365,0.581065960179342
266,166,0.5631616259806791
266,265,0.5723310898329772
266,267,0.5538268435063223
266,366,0.563531021485506
267,167,0.5437776284132756
267,266,0.5538268435063223
267,268,0.5324126062611827
267,367,0.5428436043826892
268,168,0.5217414017221058
268,267,0.5324126062611827
268,269,0.5085953864062226
268,368,0.5194786264289702
269,169,0.49759208265074856
269,268,0.5085953864062226
269,270,0.48295082336903417
269,369,0.4939870068975764
270,170,0.47192949805242934
270,269,0.48295082336903417
270,271,0.456101962436122
270,370,0.4669754427102365
271,171,0.44539187717377704
271,270,0.456101962436122
271,272,0.42869639537636894
271,371,0.4390843062309792
272,172,0.41863220279641733
272,271,0.42869639537636894
272,273,0.40138269380747443
272,372,0.4109645518215793
273,173,0.3922941719067715
273,272,0.40138269380747443
273,274,0.3747870946167925
273,373,0.3832545593417226
274,174,0.3669887585011713
274,273,0.3747870946167925
274,275,0.3494913882165579
274,374,0.356557845131869
275,175,0.3432723498554379
275,274,0.3494913882165579
275,276,0.32601291070208055
275,375,0.33142253386550136
276,176,0.3216273633818106
276,275,0.32601291070208055
276,277,0.3047874517567376
276,376,0.3083234091644532
277,177,0.30244614633629263
277,276,0.3047874517567376
277,278,0.28615576490476247
277,377,0.28764724993100704
278,178,0.2860188193278578
278,277,0.28615576490476247
278,279,0.27035421065304244
278,378,0.2696820174937421
279,179,0.2725255527891527
279,278,0.27035421065304244
279,280,0.25750988288564025
279,379,0.2546102918828688
280,180,0.2620335707910548
280,279,0.25750988288564025
280,281,0.24764037249220072
280,380,0.24250717105158143
281,181,0.2544989675108881
281,280,0.24764037249220072
281,282,0.2406581183998715
281,381,0.23334265275355442
282,182,0.24977320778881335
282,281,0.2406581183998715
282,283,0.2363790941777247
282,382,0.22698832372685848
283,183,0.2476139743821715
283,282,0.2363790941777247
283,284,0.2345353874659119
283,383,0.22322799362362283
284,184,0.24769983049905905
284,283,0.2345353874659119
284,285,0.23479105851343024
284,384,0.2217717403030371
285,185,0.24964799612534144
285,284,0.23479105851343024
285,286,0.23676052111445006
285,385,0.22227268654471377
286,186,0.2530343986854229
286,285,0.23676052111445006
286,287,0.2400285810031333
286,386,0.2243457127616631
287,187,0.25741505938350995
287,286,0.2400285810031333
287,288,0.24417119850955749
287,387,0.2275872313288543
288,188,0.26234782105564425
288,287,0.24417119850955749
288,289,0.24877601734973515
288,388,0.2315951094595794
289,189,0.26741341436565136
289,288,0.24877601734973515
289,290,0.25346172113560816
289,389,0.23598783105302074
290,190,0.27223489732323664
290,289,0.25346172113560816
290,291,0.2578953427323902
290,390,0.24042203351551528
291,191,0.27649458673498506
291,290,0.2578953427323902
291,292,0.2618067560329984
291,391,0.24460764113561595
292,192,0.2799477254425222
292,291,0.2618067560329984
292,293,0.26499972014147766
292,392,0.2483199381570371
293,193,0.2824322901254246
293,292,0.26499972014147766
293,294,0.26735901566564735
293,393,0.251408076483293
294,194,0.2838745333365147
294,293,0.26735901566564735
294,295,0.26885340365978405
294,394,0.2537996877177718
295,195,0.2842900611647587
295,294,0.26885340365978405
295,296,0.26953434050607467
295,395,0.25550145860293183
296,196,0.28378046438227167
296,295,0.26953434050607467
296,297,0.26953058683048803
296,396,0.25659572373916417
297,197,0.28252573554458815
297,296,0.26953058683048803
297,298,0.2690390454269299
297,397,0.25723332030498025
298,198,0.2807729067422632
298,297,0.2690390454269299
298,299,0.2683123424827297
298,398,0.25762312709720675
299,199,0.2788215225881394
299,298,0.2683123424827297
299,399,0.2580188659193969
300,200,0.43094106665498255
300,301,0.4224131953292965
300,400,0.42894184208039854
301,201,0.416336590911849
301,300,0.4224131953292965
301,302,0.4078950155255453
301,401,0.415399946042873
302,202,0.4008978654088917
302,301,0.4078950155255453
302,303,0.39271443355529123
302,402,0.4009103961980011
303,203,0.3850745528844383
303,302,0.39271443355529123
303,304,0.3773486096164009
303,403,0.38594179660753286
304,204,0.3693494635136072
304,303,0.3773486096164009
304,305,0.3623022117278274
304,404,0.3710016815558226
305,205,0.35422198918993064
305,304,0.3623022117278274
305,306,0.34808952695636647
305,405,0.35661835957259885
306,206,0.34019060127907297
306,305,0.34808952695636647
306,307,0.3352158343410124
306,406,0.34332155139747567
307,207,0.3277350461873394
307,306,0.3352158343410124
307,308,0.3241587353163041
307,407,0.33162255527164886
308,208,0.3172988926171383
308,307,0.3241587353163041
308,309,0.31535014902834896
308,408,0.3219947034585634
309,209,0.3092730789367066
309,308,0.31535014902834896
309,310,0.3091596636627193
309,409,0.31485487356548925
310,210,0.303981078884353
310,309,0.3091596636627193
310,311,0.3058798913396087
310,410,0.31054678693338267
311,211,0.3016662500333098
311,310,0.3058798913396087
311,312,0.3057144049549725
311,411,0.30932676525285807
312,212,0.3024818541361561
312,311,0.3057144049549725
312,313,0.30876874324940584
312,412,0.3113525280558188
313,213,0.3064841445225621
313,312,0.30876874324940584
313,314,0.3150448589553836
313,413,0.3166755013542707
314,214,0.31362880669124743
314,313,0.3150448589553836
314,315,0.32443925843218646
314,414,0.32523697594289985
315,215,0.3237709181946954
315,314,0.32443925843218646
315,316,0.33674494462654697
315,415,0.3368683080098973
316,216,0.3366684673072086
316,315,0.33674494462654697
316,317,0.35165713373312674
316,416,0.351295200513432
317,217,0.3519893414324309
317,316,0.35165713373312674
317,318,0.36878257495900435
317,417,0.36814594738098916
318,218,0.36932157040851893
318,317,0.36878257495900435
318,319,0.3876521676479306
318,418,0.3869633701272742
319,219,0.38818649132800936
319,318,0.3876521676479306
319,320,0.4077364457610219
319,419,0.4072200339187715
320,220,0.40805439442708386
320,319,0.4077364457610219
320,321,0.4284633909633742
320,420,0.42833620296469155
321,221,0.428362117798706
321,320,0.4284633909633742
321,322,0.44923794634397396
321,421,0.4496998882695056
322,222,0.44853198536978534
322,321,0.44923794634397396
322,323,0.4694625363654695
322,422,0.47068825830429206
323,223,0.4679914303196765
323,322,0.4694625363654695
323,324,0.4885578574130725
323,423,0.490689628138681
324,224,0.4861926167387457
324,323,0.4885578574130725
324,325,0.5059831887723004
324,424,0.5091252170471711
325,225,0.502631366881891
325,324,0.5059831887723004
325,326,0.5212554865299184
325,425,0.5254698694556255
326,226,0.5168647201068098
326,325,0.5212554865299184
326,327,0.5339665623046282
326,426,0.539270969068971
327,227,0.5285264919384907
327,326,0.5339665623046282
327,328,0.5437977134716349
327,427,0.5501648397393015
328,228,0.5373402663261039
328,327,0.5437977134716349
328,329,0.550531259359313
328,428,0.557890016657782
329,229,0.5431293389768748
329,328,0.550531259359313
329,330,0.5540585456779069
329,429,0.5622968843940342
330,230,0.5458232319152541
330,329,0.5540585456779069
330,331,0.5543841034118365
330,430,0.5633533099558201
331,231,0.545460515791971
331,330,0.5543841034118365
331,332,0.5516257842337944
331,431,0.5611460445371235
332,232,0.54218780313951
332,331,0.5516257842337944
332,333,0.5460108374355753
332,432,0.5558778216276782
333,233,0.5362549085512675
333,332,0.5460108374355753
333,334,0.537868038421564
333,433,0.5478602360559576
334,234,0.5280063062188574
334,333,0.537868038421564
334,335,0.5276161208942348
334,434,0.5375026426366623
335,235,0.5178691468512026
335,334,0.5276161208942348
335,336,0.515748898976435
335,435,0.5252974588207162
336,236,0.506338220201815
336,335,0.515748898976435
336,337,0.5028175869079472
336,436,0.5118023878436162
337,237,0.49395836189572606
337,336,0.5028175869079472
337,338,0.48941092827217364
337,437,0.4976201925747834
338,238,0.48130489993060876
338,337,0.48941092827217364
338,339,0.47613383014988175
338,438,0.4833767414814132
339,239,0.46896281352617253
339,338,0.47613383014988175
339,340,0.46358525703693065
339,439,0.4696981135259599
340,240,0.4575053318805042
340,339,0.46358525703693065
340,341,0.45233617246798563
340,440,0.4571875860151073
341,241,0.447472730515993
341,340,0.45233617246798563
341,342,0.44290832160289895
341,441,0.4464033369972883
342,242,0.4393520867001104
342,341,0.44290832160289895
342,343,0.43575462504201984
342,442,0.4378376713916624
343,243,0.43355873221101127
343,342,0.43575462504201984
343,344,0.431241903301508
343,443,0.4318985283043496
344,244,0.4304200917072255
344,343,0.431241903301508
344,345,0.4296365741389945
344,444,0.4288939476639813
345,245,0.4301625193234331
345,344,0.4296365741389945
345,346,0.4310938636640718
345,445,0.4290200700881049
346,246,0.43290164696214484
346,345,0.4310938636640718
346,347,0.43565095017883876
346,446,0.43235311837304446
347,247,0.4386366381019555
347,346,0.43565095017883876
347,348,0.443224321052592
347,447,0.4388456665640758
348,248,0.44724860465035576
348,347,0.443224321052592
348,349,0.4536114724011086
348,448,0.4483273482319649
349,249,0.45850329601672823
349,348,0.4536114724011086
349,350,0.4664969242022917
349,449,0.4605099948515561
350,250,0.4720580143455605
350,349,0.4664969242022917
350,351,0.48146236537789144
350,450,0.4749970338317454
351,251,0.487472553331934
351,350,0.48146236537789144
351,352,0.4980005901078846
351,451,0.49129681965641886
352,252,0.5042238060729471
352,351,0.4980005901078846
352,353,0.5155327439758473
352,452,0.5088394265176044
353,253,0.5217235458393806
353,352,0.5155327439758473
353,354,0.5334282719658323
353,453,0.5269963021846202
354,254,0.5393387581232733
354,353,0.5334282719658323
354,355,0.5510268548658657
354,454,0.5451020755588356
355,255,0.556413798033259
355,354,0.5510268548658657
355,356,0.567661540624197
355,455,0.5624777285997
356,256,0.5722935686133019
356,355,0.567661540624197
356,357,0.5826822261308632
356,456,0.5784542903772597
357,257,0.5863468666246462
357,356,0.5826822261308632
357,358,0.5954786252112994
357,457,0.5923961891881009
358,258,0.5979890253749889
358,357,0.5954786252112994
358,359,0.6055018716184345
358,458,0.6037234091119554
359,259,0.6067030007212704
359,358,0.6055018716184345
359,360,0.6122839515503709
359,459,0.6119316400305419
360,260,0.612058096524783
360,359,0.6122839515503709
360,361,0.6154542374741552
360,460,0.6166096836973816
361,261,0.6137256083507148
361,360,0.6154542374741552
361,362,0.6147525012993418
361,461,0.617453480449935
362,262,0.6114907764707858
362,361,0.6147525012993418
362,363,0.6100379165017984
362,462,0.6142762479673396
363,263,0.605260577340816
363,362,0.6100379165017984
363,364,0.6012937108332015
363,463,0.6070143704478954
364,264,0.5950670415992139
364,363,0.6012937108332015
364,365,0.5886272980149194
364,464,0.5957288381938084
365,265,0.581065960179342
365,364,0.5886272980149194
365,366,0.5722658918318707
365,465,0.5806022076624784
366,266,0.563531021485506
366,365,0.5722658918318707
366,367,0.552547782361873
366,466,0.5619312239533298
367,267,0.5428436043826892
367,366,0.552547782361873
367,368,0.5299096245504766
367,467,0.540115414646815
368,268,0.5194786264289702
368,367,0.5299096245504766
368,369,0.5048702469203241
368,468,0.51564211919024
369,269,0.4939870068975764
369,368,0.5048702469203241
369,370,0.4780116262387787
369,469,0.48906855529549054
370,270,0.4669754427102365
370,369,0.4780116262387787
370,371,0.4499577865050937
370,470,0.4610016373779461
371,271,0.4390843062309792
371,370,0.4499577865050937
371,372,0.42135246267618964
371,471,0.4320763471158431
372,272,0.4109645518215793
372,371,0.42135246267618964
372,373,0.3928364173558275
372,472,0.40293350904852376
373,273,0.3832545593417226
373,372,0.3928364173558275
373,374,0.36502530985679915
373,473,0.3741978423547133
374,274,0.356557845131869
374,373,0.36502530985679915
374,375,0.3384889907808124
374,474,0.3464571425725417
375,275,0.33142253386550136
375,374,0.3384889907808124
375,376,0.313733032327874
375,475,0.3202433945465938
376,276,0.3083234091644532
376,375,0.313733032327874
376,377,0.2911832073387226
376,476,0.29601653231707964
377,277,0.28764724993100704
377,376,0.2911832073387226
377,378,0.27117350251998673
377,477,0.2741514464456254
378,278,0.2696820174937421
378,377,0.27117350251998673
378,379,0.2539380987235685
378,478,0.25492869916034194
379,279,0.2546102918828688
379,378,0.2539380987235685
379,380,0.23960758004881003
379,479,0.23852924858986635
380,280,0.24250717105158143
380,379,0.23960758004881003
380,381,0.22820945131293513
380,480,0.22503331202149882
381,281,0.23334265275355442
381,380,0.22820945131293513
381,382,0.2196728580805414
381,481,0.2144233219453583
382,282,0.22698832372685848
382,381,0.2196728580805414
382,383,0.2138372231727566
382,482,0.20659075529989906
383,283,0.22322799362362283
383,382,0.2138372231727566
383,384,0.21046434646074802
383,483,0.2013464534219022
384,284,0.2217717403030371
384,383,0.21046434646074802
384,385,0.20925336833432062
384,484,0.19843390493066523
385,285,0.22227268654471377
385,384,0.20925336833432062
385,386,0.2098578781919268
385,485,0.19754484261002558
386,286,0.2243457127616631
386,385,0.2098578781919268
386,387,0.21190436308738408
386,486,0.1983364137190803
387,287,0.2275872313288543
387,386,0.21190436308738408
387,388,0.21501114227887622
387,487,0.20044912518384211
388,288,0.2315951094595794
388,387,0.21501114227887622
388,389,0.21880692316286499
388,488,0.2035247434063998
389,289,0.23598783105302074
389,388,0.21880692316286499
389,390,0.2229481434329279
389,489,0.20722334393298722
390,290,0.24042203351551528
390,389,0.2229481434329279
390,391,0.22713433191874108
390,490,0.2112387581908835
391,291,0.24460764113561595
391,390,0.22713433191874108
391,392,0.2311208232596546
391,491,0.2153117504816993
392,292,0.2483199381570371
392,391,0.2311208232596546
392,393,0.23472829449885246
392,492,0.21924037435208954
393,293,0.251408076483293
393,392,0.23472829449885246
393,394,0.23784874853541746
393,493,0.22288709787627392
394,294,0.2537996877177718
394,393,0.23784874853541746
394,395,0.24044774266091962
394,494,0.22618244562749495
395,295,0.25550145860293183
395,394,0.24044774266091962
395,396,0.2425628418360214
395,495,0.22912507367053458
396,296,0.25659572373916417
396,395,0.2425628418360214
396,397,0.2442984572136564
396,496,0.23177836474515068
397,297,0.25723332030498025
397,396,0.2442984572136564
397,398,0.24581740197525703
397,497,0.23426379577297587
398,298,0.25762312709720675
398,397,0.24581740197525703
398,399,0.24732965053387385
398,498,0.2367514810167864
399,299,0.2580188659193969
399,398,0.24732965053387385
