u,v,cost
0,1,0.5944973486955809
0,100,0.6002519480826053
1,0,0.5944973486955809
1,2,0.574705015656158
1,101,0.5797435566029664
2,1,0.574705015656158
2,3,0.5568876847779318
2,102,0.5611524738273563
3,2,0.5568876847779318
3,4,0.5412776756925826
3,103,0.5447376022952688
4,3,0.5412776756925826
4,5,0.5280412807130432
4,104,0.5306917043343364
5,4,0.5280412807130432
5,6,0.5172732751562773
5,105,0.5191351455967207
6,5,0.5172732751562773
6,7,0.5089935591920416
6,106,0.510111791258707
7,6,0.5089935591920416
7,8,0.5031461885755938
7,107,0.5035873236906929
8,7,0.5031461885755938
8,9,0.49960098136315123
8,108,0.4994501807268995
9,8,0.49960098136315123
9,10,0.4981578018709559
9,109,0.4975152289523448
10,9,0.4981578018709559
10,11,0.49855352420967713
10,110,0.4975301889745733
11,10,0.49855352420967713
11,12,0.5004715691756751
11,111,0.49918472266966907
12,11,0.5004715691756751
12,13,0.5035537944559793
12,112,0.5021219799263938
13,12,0.5035537944559793
13,14,0.5074144040610853
13,113,0.5059522891875947
14,13,0.5074144040610853
14,15,0.5116554341830754
14,114,0.5102685673281636
15,14,0.5116554341830754
15,16,0.5158832750509428
15,115,0.5146629255942936
16,15,0.5158832750509428
16,17,0.519725607505799
16,116,0.5187438649246109
17,16,0.519725607505799
17,18,0.5228480742347712
17,117,0.5221533911365576
18,17,0.5228480742347712
18,19,0.5249699734591863
18,118,0.5245833427413421
19,18,0.5249699734591863
19,20,0.525878260932995
19,119,0.5257902152050276
20,19,0.525878260932995
20,21,0.5254391766595035
20,120,0.5256077878079786
21,20,0.5254391766595035
21,22,0.5236068765826246
21,121,0.52395691401147
22,21,0.5236068765826246
22,23,0.5204285458324911
22,122,0.5208519230416944
23,22,0.5204285458324911
23,24,0.5160455963976109
23,123,0.5164031972694145
24,23,0.5160455963976109
24,25,0.5106907041897444
24,124,0.5108156333158873
25,24,0.5106907041897444
25,26,0.5046806126526014
25,125,0.504382859548768
26,25,0.5046806126526014
26,27,0.4984048152919251
26,126,0.4974772622873538
27,26,0.4984048152919251
27,28,0.4923104196718373
27,127,0.4905360600500015
28,27,0.4923104196718373
28,29,0.48688368173594254
28,128,0.48404385119553767
29,28,0.48688368173594254
29,30,0.4826288726953748
29,129,0.47851223657211545
30,29,0.4826288726953748
30,31,0.48004529226870496
30,130,0.47445727653570424
31,30,0.48004529226870496
31,32,0.47960336347410637
31,131,0.47237567262610514
32,31,0.47960336347410637
32,33,0.4817208282492054
32,132,0.47272066086326026
33,32,0.4817208282492054
33,34,0.48674010418123714
33,133,0.4758786599169965
34,33,0.48674010418123714
34,35,0.49490785668203724
34,134,0.48214772883451
35,34,0.49490785668203724
35,36,0.5063577862660091
35,135,0.4917188530623916
36,35,0.5063577862660091
36,37,0.5210975277032288
36,136,0.5046609938194087
37,36,0.5210975277032288
37,38,0.5390004096020512
37,137,0.5209107063820579
38,37,0.5390004096020512
38,39,0.5598026346125153
38,138,0.5402669617287339
39,38,0.5598026346125153
39,40,0.5831062192594313
39,139,0.5623915995978536
40,39,0.5831062192594313
40,41,0.6083877875936701
40,140,0.5868156076250377
41,40,0.6083877875936701
41,42,0.6350130550411084
41,141,0.612951170701914
42,41,0.6350130550411084
42,43,0.6622565796733388
42,142,0.6401091780789891
43,42,0.6622565796733388
43,44,0.6893261097181196
43,143,0.6675216247207202
44,43,0.6893261097181196
44,45,0.715390630439166
44,144,0.6943681098361911
45,44,0.715390630439166
45,46,0.7396110217948284
45,145,0.7198054307259272
46,45,0.7396110217948284
46,47,0.7611720904932564
46,146,0.7429991044581021
47,46,0.7611720904932564
47,48,0.7793146443426314
47,147,0.7631555322176504
48,47,0.7793146443426314
48,49,0.7933662390306713
48,148,0.77955345823796
49,48,0.7933662390306713
49,50,0.802769250929278
49,149,0.7915733713973148
50,49,0.802769250929278
50,51,0.8071050146431097
50,150,0.7987235545278493
51,50,0.8071050146431097
51,52,0.806112908313303
51,151,0.8006616030964737
52,51,0.806112908313303
52,53,0.7997034677836559
52,152,0.7972104071805327
53,52,0.7997034677836559
53,54,0.7879648545924766
53,153,0.7883678118598444
54,53,0.7879648545924766
54,55,0.7711622819805566
54,154,0.7743094321070678
55,54,0.7711622819805566
55,56,0.7497303054275124
55,155,0.75538438773763
56,55,0.7497303054275124
56,57,0.7242581960383876
56,156,0.7321040291678851
57,56,0.7242581960383876
57,58,0.6954689220985071
57,157,0.705124031833598
58,57,0.6954689220985071
58,59,0.6641925519815469
58,158,0.6752205320131441
59,58,0.6641925519815469
59,60,0.6313351466970377
59,159,0.643261245693527
60,59,0.6313351466970377
60,61,0.5978444204123784
60,160,0.6101727422344803
61,60,0.5978444204123784
61,62,0.564673601958831
61,161,0.5769052247889918
62,61,0.564673601958831
62,63,0.5327450218003724
62,162,0.5443962907912325
63,62,0.5327450218003724
63,64,0.502914972281069
63,163,0.5135352020505344
64,63,0.502914972281069
64,65,0.4759413424198768
64,164,0.4851291818169544
65,64,0.4759413424198768
65,66,0.4524554136377449
65,165,0.45987317552688445
66,65,0.4524554136377449
66,67,0.43293902438369614
66,166,0.43832436594554836
67,66,0.43293902438369614
67,68,0.4177080775328428
67,167,0.42088252836094164
68,67,0.4177080775328428
68,69,0.40690308522040486
68,168,0.40777705645679463
69,68,0.40690308522040486
69,70,0.4004871342238395
69,169,0.399061196034414
70,69,0.4004871342238395
70,71,0.39825132549076203
70,170,0.3946137052892995
71,70,0.39825132549076203
71,72,0.3998274092356645
71,171,0.3941478315588183
72,71,0.3998274092356645
72,73,0.4047070176802918
72,172,0.39722717057762263
73,72,0.4047070176802918
73,74,0.4122666059115321
73,173,0.40328767036544905
74,73,0.4122666059115321
74,75,0.4217969611046914
74,174,0.41166477207809715
75,74,0.4217969611046914
75,76,0.43253594317782795
75,175,0.4216244570323616
76,75,0.43253594317782795
76,77,0.4437029849421881
76,176,0.4323968030171795
77,76,0.4437029849421881
77,78,0.45453381315275704
77,177,0.4432105515595791
78,77,0.45453381315275704
78,79,0.46431385641744033
78,178,0.4533271555698658
79,78,0.46431385641744033
79,80,0.4724088811469953
79,179,0.4620728149788991
80,79,0.4724088811469953
80,81,0.47829153868091745
80,180,0.46886711446324303
81,80,0.47829153868091745
81,82,0.4815627082719114
81,181,0.47324704672891593
82,81,0.4815627082719114
82,83,0.4819667717791325
82,182,0.4748854286932977
83,82,0.4819667717791325
83,84,0.47940024439223505
83,183,0.47360298529058714
84,83,0.47940024439223505
84,85,0.4739134974403316
84,184,0.4693736735181758
85,84,0.4739134974403316
85,86,0.4657056292584149
85,185,0.4623231333395901
86,85,0.4657056292584149
86,87,0.4551128528330812
86,186,0.45272046708834074
87,86,0.4551128528330812
87,88,0.4425910596522483
87,187,0.44096385006897154
88,87,0.4425910596522483
88,89,0.42869347417400383
88,188,0.4275607479273855
89,88,0.42869347417400383
89,90,0.4140445208224615
89,189,0.413103748366444
90,89,0.4140445208224615
90,91,0.3993111760804266
90,190,0.3982431953405638
91,90,0.3993111760804266
91,92,0.385173165643935
91,191,0.38365793502988643
92,91,0.385173165643935
92,93,0.37229338749015173
92,192,0.3700255397290857
93,92,0.37229338749015173
93,94,0.3612898961722268
93,193,0.35799336656968306
94,93,0.3612898961722268
94,95,0.35271067506748355
94,194,0.34815173428880836
95,94,0.35271067506748355
95,96,0.3470122581311954
95,195,0.34101036779173133
96,95,0.3470122581311954
96,97,0.3445430501385579
96,196,0.3369790746594945
97,96,0.3445430501385579
97,98,0.345531945857917
97,197,0.3363533901399162
98,97,0.345531945857917
98,99,0.3500825771440218
98,198,0.33930566958950126
99,98,0.3500825771440218
99,199,0.34588183317754806
100,0,0.6002519480826053
100,101,0.5854981559899908
100,200,0.5907591841194613
101,1,0.5797435566029664
101,100,0.5854981559899908
101,102,0.5661910147741649
101,201,0.5707852879854388
102,2,0.5611524738273563
102,101,0.5661910147741649
102,103,0.5490023913446933
102,202,0.5528688679196072
103,3,0.5447376022952688
103,102,0.5490023913446933
103,104,0.5341516309370227
103,203,0.5372568017238402
104,4,0.5306917043343364
104,103,0.5341516309370227
104,105,0.521785569218014
104,204,0.5241235199465792
105,5,0.5191351455967207
105,104,0.521785569218014
105,106,0.5119736616991504
105,205,0.5135652887978684
106,6,0.510111791258707
106,105,0.5119736616991504
106,107,0.5047055557573583
106,206,0.5055969562265552
107,7,0.5035873236906929
107,106,0.5047055557573583
107,108,0.4998913158419987
107,207,0.5001513872605696
108,8,0.4994501807268995
108,107,0.4998913158419987
108,109,0.4973644283160931
108,208,0.49708173068647715
109,9,0.4975152289523448
109,108,0.4973644283160931
109,110,0.4968876160559622
109,209,0.4961665633088088
110,10,0.4975301889745733
110,109,0.4968876160559622
110,111,0.4981613874345652
110,210,0.49711785325688335
111,11,0.49918472266966907
111,110,0.4981613874345652
111,112,0.5008351334203878
111,211,0.49959157366916784
112,12,0.5021219799263938
112,111,0.5008351334203878
112,113,0.5045204746580092
112,212,0.5032006867508677
113,13,0.5059522891875947
113,112,0.5045204746580092
113,114,0.5088064524546729
113,213,0.5075301102879648
114,14,0.5102685673281636
114,113,0.5088064524546729
114,115,0.5132760587393819
114,214,0.5121531790945929
115,15,0.5146629255942936
115,114,0.5132760587393819
115,116,0.5175235154679616
115,215,0.5166490275036413
116,16,0.5187438649246109
116,115,0.5175235154679616
116,117,0.5211716485553695
116,216,0.5206202506254389
117,17,0.5221533911365576
117,116,0.5211716485553695
117,118,0.5238886596431285
117,217,0.5237101559976869
118,18,0.5245833427413421
118,117,0.5238886596431285
118,119,0.5254035844871834
118,218,0.5256188970425248
119,19,0.5257902152050276
119,118,0.5254035844871834
119,120,0.5255197420800113
119,219,0.5261177881212122
120,20,0.5256077878079786
120,119,0.5255197420800113
120,121,0.5241255251599451
120,220,0.5250611394931604
121,21,0.52395691401147
121,120,0.5241255251599451
121,122,0.5212019604705398
121,221,0.5223950194151441
122,22,0.5208519230416944
122,121,0.5212019604705398
122,123,0.5168265744786178
122,222,0.5181624488341849
123,23,0.5164031972694145
123,122,0.5168265744786178
123,124,0.5111732341876909
123,223,0.5125046590716682
124,24,0.5108156333158873
124,123,0.5111732341876909
124,125,0.504507788674911
124,224,0.5056581905943499
125,25,0.504382859548768
125,124,0.504507788674911
125,126,0.4971795091835203
125,225,0.4979477761390815
126,26,0.4974772622873538
126,125,0.4971795091835203
126,127,0.4896085070454302
126,226,0.4897751276870004
127,27,0.4905360600500015
127,126,0.4896085070454302
127,128,0.4822694915737019
127,227,0.4816039267624681
128,28,0.48404385119553767
128,127,0.4822694915737019
128,129,0.47567240603171057
128,228,0.4739414933649172
129,29,0.47851223657211545
129,128,0.47567240603171057
129,130,0.47034064041244483
129,229,0.46731777238976735
130,30,0.47445727653570424
130,129,0.47034064041244483
130,131,0.4667876568931044
130,230,0.46226241965871034
131,31,0.47237567262610514
131,130,0.4667876568931044
131,132,0.465492970015259
131,231,0.45928088519444976
132,32,0.47272066086326026
132,131,0.465492970015259
132,133,0.4668784925310513
132,232,0.45883047259635734
133,33,0.4758786599169965
133,132,0.4668784925310513
133,134,0.47128628457026933
133,233,0.4612973950403999
134,34,0.48214772883451
134,133,0.47128628457026933
134,135,0.4789587252148644
134,234,0.46697584687689375
135,35,0.4917188530623916
135,134,0.4789587252148644
135,136,0.4900220606157911
135,235,0.47605006322073834
136,36,0.5046609938194087
136,135,0.4900220606157911
136,137,0.5044741724982378
136,236,0.48858024852949555
137,37,0.5209107063820579
137,136,0.5044741724982378
137,138,0.5221772585087405
137,237,0.504493121253448
138,38,0.5402669617287339
138,137,0.5221772585087405
138,139,0.542855926714072
138,238,0.5235776496053386
139,39,0.5623915995978536
139,138,0.542855926714072
139,140,0.56610098796346
139,239,0.5454863496758693
140,40,0.5868156076250377
140,139,0.56610098796346
140,141,0.5913789907332815
140,240,0.5697422895815143
141,41,0.612951170701914
141,140,0.5913789907332815
141,142,0.6180472937397947
141,241,0.5957517015484064
142,42,0.6401091780789891
142,141,0.6180472937397947
142,143,0.6453742231263704
142,242,0.6228218582909686
143,43,0.6675216247207202
143,142,0.6453742231263704
143,144,0.6725636248387916
143,243,0.6501836317588865
144,44,0.6943681098361911
144,143,0.6725636248387916
144,145,0.6987829101229523
144,244,0.6770179323566807
145,45,0.7198054307259272
145,144,0.6987829101229523
145,146,0.7231935133892007
145,245,0.7024850356487595
146,46,0.7429991044581021
146,145,0.7231935133892007
146,147,0.7449825461824962
146,246,0.7257556508980596
147,47,0.7631555322176504
147,146,0.7449825461824962
147,148,0.7633943461129791
147,247,0.7460424795961997
148,48,0.77955345823796
148,147,0.7633943461129791
148,149,0.7777605906046035
148,248,0.7626309585458719
149,49,0.7915733713973148
149,148,0.7777605906046035
149,150,0.7875276749958859
149,249,0.7749078848935466
150,50,0.7987235545278493
150,149,0.7875276749958859
150,151,0.7922801429812132
150,250,0.7823866811006632
151,51,0.8006616030964737
151,150,0.7922801429812132
151,152,0.7917591019637035
151,251,0.7847281748490025
152,52,0.7972104071805327
152,151,0.7917591019637035
152,153,0.7858747512567212
152,252,0.7817559383075683
153,53,0.7883678118598444
153,152,0.7858747512567212
153,154,0.7747123893744357
153,253,0.7734654465171633
154,54,0.7743094321070678
154,153,0.7747123893744357
154,155,0.7585315378641411
154,254,0.7600265670655351
155,55,0.75538438773763
155,154,0.7585315378641411
155,156,0.7377581114780025
155,255,0.7417791720061687
156,56,0.7321040291678851
156,155,0.7377581114780025
156,157,0.7129698649630953
156,256,0.7192219559470254
157,57,0.705124031833598
157,156,0.7129698649630953
157,158,0.684875641748235
157,257,0.6929948383347311
158,58,0.6752205320131441
158,157,0.684875641748235
158,159,0.6542892257251243
158,258,0.663855609824866
159,59,0.643261245693527
159,158,0.6542892257251243
159,160,0.6220988412309696
159,259,0.6326517392376894
160,60,0.6101727422344803
160,159,0.6220988412309696
160,161,0.5892335466110936
160,260,0.6002884768912341
161,61,0.5769052247889918
161,160,0.5892335466110936
161,162,0.5566279136213934
161,261,0.5676945615735675
162,62,0.5443962907912325
162,161,0.5566279136213934
162,163,0.5251864710413945
162,262,0.535786953633928
163,63,0.5135352020505344
163,162,0.5251864710413945
163,164,0.49574941158641983
163,263,0.5054360697187887
164,64,0.4851291818169544
164,163,0.49574941158641983
164,165,0.4690610149239621
164,264,0.4774329824606178
165,65,0.45987317552688445
165,164,0.4690610149239621
165,166,0.4457421278346879
165,265,0.452459970861838
166,66,0.43832436594554836
166,165,0.4457421278346879
166,167,0.42626786992279386
166,266,0.43106566717313743
167,67,0.42088252836094164
167,166,0.42626786992279386
167,168,0.4109515072848935
167,267,0.41364584965689377
168,68,0.40777705645679463
168,167,0.4109515072848935
168,169,0.39993516727080375
168,268,0.40043068635856527
169,69,0.399061196034414
169,168,0.39993516727080375
169,170,0.39318776709987396
169,269,0.3914789537946299
170,70,0.3946137052892995
170,169,0.39318776709987396
170,171,0.39051021135735575
170,270,0.3866794490242301
171,71,0.3941478315588183
171,170,0.39051021135735575
171,172,0.39154759290077634
171,271,0.3857594978348312
172,72,0.39722717057762263
172,171,0.39154759290077634
172,173,0.39580782326277986
172,272,0.38830015022589365
173,73,0.40328767036544905
173,172,0.39580782326277986
173,174,0.4026858365320141
173,273,0.39375736136910633
174,74,0.41166477207809715
174,173,0.4026858365320141
174,175,0.4114922680057673
174,274,0.40148819528512236
175,75,0.4216244570323616
175,174,0.4114922680057673
175,176,0.4214853168717132
175,275,0.4107808716543183
176,76,0.4323968030171795
176,175,0.4214853168717132
176,177,0.4319043696345706
176,276,0.420887313461231
177,77,0.4432105515595791
177,176,0.4319043696345706
177,178,0.44200389397668793
177,277,0.4310567520003571
178,78,0.4533271555698658
178,177,0.44200389397668793
178,179,0.4510861141313246
178,278,0.4405689106755412
179,79,0.4620728149788991
179,178,0.4510861141313246
179,180,0.4585310482951469
179,279,0.44876532140382425
180,80,0.46886711446324303
180,179,0.4585310482951469
180,181,0.4638226225112415
180,280,0.45507742548260854
181,81,0.47324704672891593
181,180,0.4638226225112415
181,182,0.4665697671503023
181,281,0.4590502695769054
182,82,0.4748854286932977
182,181,0.4665697671503023
182,183,0.46652164220475234
182,282,0.46036081923811967
183,83,0.47360298529058714
183,182,0.46652164220475234
183,184,0.46357641441652797
183,283,0.45883016679283695
184,84,0.4693736735181758
184,183,0.46357641441652797
184,185,0.4577833094174343
184,284,0.45442919526892206
185,85,0.4623231333395901
185,184,0.4577833094174343
185,186,0.4493379711695159
185,285,0.4472775616032978
186,86,0.45272046708834074
186,185,0.4493379711695159
186,187,0.438571464324231
186,286,0.4376361663347845
187,87,0.44096385006897154
187,186,0.438571464324231
187,188,0.42593353834410874
187,287,0.42589356895213937
188,88,0.4275607479273855
188,187,0.42593353834410874
188,189,0.4119710221198256
188,288,0.41254707436266636
189,89,0.413103748366444
189,188,0.4119710221198256
189,190,0.39730242288454626
189,289,0.3981794442530976
190,90,0.3982431953405638
190,189,0.39730242288454626
190,191,0.3825899542900236
190,290,0.38343236707225126
191,91,0.38365793502988643
191,190,0.3825899542900236
191,192,0.3685103091150372
191,291,0.3689779440689689
192,92,0.3700255397290857
192,191,0.3685103091150372
192,193,0.35572551880861714
192,292,0.35548951118915784
193,93,0.35799336656968306
193,192,0.35572551880861714
193,194,0.3448552046862646
193,293,0.3436131156458989
194,94,0.34815173428880836
194,193,0.3448552046862646
194,195,0.3364514270130562
194,294,0.3339409027268464
195,95,0.34101036779173133
195,194,0.3364514270130562
195,196,0.3309771843200304
195,295,0.32698754703649513
196,96,0.3369790746594945
196,195,0.3309771843200304
196,197,0.3287894146608528
196,296,0.32317068983594793
197,97,0.3363533901399162
197,196,0.3287894146608528
197,198,0.3301271138715005
197,297,0.32279612981712913
198,98,0.33930566958950126
198,197,0.3301271138715005
198,199,0.3351049256230276
198,298,0.32604826984146695
199,99,0.34588183317754806
199,198,0.3351049256230276
199,299,0.3329860595353731
200,100,0.5907591841194613
200,201,0.5760463161149093
200,300,0.5807206056174133
201,101,0.5707852879854388
201,200,0.5760463161149093
201,202,0.5574631411308812
201,301,0.5615186993644625
202,102,0.5528688679196072
202,201,0.5574631411308812
202,203,0.5411232782987542
202,302,0.5444950300976399
203,103,0.5372568017238402
203,202,0.5411232782987542
203,204,0.5272286907333968
203,303,0.5298800264744145
204,104,0.5241235199465792
204,203,0.5272286907333968
204,205,0.5159032395264338
204,304,0.5178262807311069
205,105,0.5135652887978684
205,204,0.5159032395264338
205,206,0.5071885833252734
205,305,0.5084035246120713
206,106,0.5055969562265552
206,205,0.5071885833252734
206,207,0.5010427877297665
206,306,0.5015963342438492
207,107,0.5001513872605696
207,206,0.5010427877297665
207,208,0.49734180210504814
207,307,0.4973047411013975
208,108,0.49708173068647715
208,207,0.49734180210504814
208,209,0.49588386567919285
208,308,0.4953478301300501
209,109,0.4961665633088088
209,208,0.49588386567919285
209,210,0.4963968005097299
209,309,0.4954703016659565
210,110,0.49711785325688335
210,209,0.4963968005097299
210,211,0.49854803949148596
210,310,0.4973518643704461
211,111,0.49959157366916784
211,210,0.49854803949148596
211,212,0.5019571269996478
211,311,0.5006192157643532
212,112,0.5032006867508677
212,211,0.5019571269996478
212,213,0.5062103223808233
212,312,0.5048602592806974
213,113,0.5075301102879648
213,212,0.5062103223808233
213,214,0.5108768369278848
213,313,0.5096401064285598
214,114,0.5121531790945929
214,213,0.5108768369278848
214,215,0.5155261478588522
214,314,0.5145183241048736
215,115,0.5166490275036413
215,214,0.5155261478588522
215,216,0.5197457626611184
215,315,0.5190668145894934
216,116,0.5206202506254389
216,215,0.5197457626611184
216,217,0.5231587580677564
216,316,0.52288766325419
217,117,0.5237101559976869
217,216,0.5231587580677564
217,218,0.5254403933970833
217,317,0.5256302599023391
218,118,0.5256188970425248
218,217,0.5254403933970833
218,219,0.5263331006765537
218,318,0.5270069965824957
219,119,0.5261177881212122
219,218,0.5263331006765537
219,220,0.5256591855343614
219,319,0.5268068694118861
220,120,0.5250611394931604
220,219,0.5256591855343614
220,221,0.5233306337483594
220,320,0.5249063650580903
221,121,0.5223950194151441
221,220,0.5233306337483594
221,222,0.5193555077787892
221,321,0.5212770935284037
222,122,0.5181624488341849
222,221,0.5193555077787892
222,223,0.5138405334272351
222,322,0.5159897360302815
223,123,0.5125046590716682
223,222,0.5138405334272351
223,224,0.5069896154783271
223,323,0.5092140068639827
224,124,0.5056581905943499
224,223,0.5069896154783271
224,225,0.4990981780585204
224,324,0.5012144773609066
225,125,0.4979477761390815
225,224,0.4990981780585204
225,226,0.49054339464256147
225,325,0.4923422724733942
226,126,0.4897751276870004
226,225,0.49054339464256147
226,227,0.48177054740403824
226,326,0.4830228205276923
227,127,0.4816039267624681
227,226,0.48177054740403824
227,228,0.4732759285536834
227,327,0.4737400069638119
228,128,0.4739414933649172
228,227,0.4732759285536834
228,229,0.465586859722974
228,328,0.46501724629254676
229,129,0.46731777238976735
229,228,0.465586859722974
229,230,0.4592395516360328
229,329,0.45739613559981696
230,130,0.46226241965871034
230,229,0.4592395516360328
230,231,0.45475564796005574
230,330,0.4514134805683098
231,131,0.45928088519444976
231,230,0.45475564796005574
231,232,0.4526183877755481
231,331,0.44757758460561925
232,132,0.45883047259635734
232,231,0.4526183877755481
232,233,0.45324937510570584
232,332,0.44634475763530534
233,133,0.4612973950403999
233,232,0.45324937510570584
233,234,0.45698695734702427
233,333,0.4480970290297499
234,134,0.46697584687689375
234,233,0.45698695734702427
234,235,0.46406718488276766
234,334,0.4531220361538453
235,135,0.47605006322073834
235,234,0.46406718488276766
235,236,0.4746082511344427
235,335,0.4615960048718373
236,136,0.48858024852949555
236,235,0.4746082511344427
236,237,0.4885991972847057
236,336,0.47357064181999303
237,137,0.504493121253448
237,236,0.4885991972847057
237,238,0.505893512350046
237,337,0.4889646228410761
238,138,0.5235776496053386
238,237,0.505893512350046
238,239,0.5262080725671359
238,338,0.5075601921551096
239,139,0.5454863496758693
239,238,0.5262080725671359
239,240,0.5491276512939237
239,339,0.5290051887863598
240,140,0.5697422895815143
240,239,0.5491276512939237
240,241,0.5741150003966393
240,340,0.5528205981843852
241,141,0.5957517015484064
241,240,0.5741150003966393
241,242,0.6005262660995803
241,341,0.5784134967986339
242,142,0.6228218582909686
242,241,0.6005262660995803
242,243,0.6276312669234847
242,342,0.6050950253793734
243,143,0.6501836317588865
243,242,0.6276312669234847
243,244,0.6546379392767756
243,343,0.6321028032029136
244,144,0.6770179323566807
244,243,0.6546379392767756
244,245,0.6807200578824879
244,344,0.6586269904469508
245,145,0.7024850356487595
245,244,0.6807200578824879
245,246,0.7050471731576183
245,345,0.683839029256956
246,146,0.7257556508980596
246,245,0.7050471731576183
246,247,0.7268155843117632
246,346,0.7069219543552113
247,147,0.7460424795961997
247,246,0.7268155843117632
247,248,0.7452790920290926
247,347,0.7271010686435566
248,148,0.7626309585458719
248,247,0.7452790920290926
248,249,0.7597782528348149
248,348,0.7436737336311776
249,149,0.7749078848935466
249,248,0.7597782528348149
249,250,0.7697668909983237
249,349,0.756037032058892
250,150,0.7823866811006632
250,249,0.7697668909983237
250,251,0.7748347129684525
250,350,0.7637121218369936
251,151,0.7847281748490025
251,250,0.7748347129684525
251,252,0.7747250111928673
251,351,0.7663642149618867
252,152,0.7817559383075683
252,251,0.7747250111928673
252,253,0.7693466335680104
252,352,0.7638172785749309
253,153,0.7734654465171633
253,252,0.7693466335680104
253,254,0.7587796242082627
253,353,0.7560627615889339
254,154,0.7600265670655351
254,253,0.7587796242082627
254,255,0.7432742012075627
254,354,0.743261891044893
255,155,0.7417791720061687
255,254,0.7432742012075627
255,256,0.7232430164751916
255,355,0.7257413475202121
256,156,0.7192219559470254
256,255,0.7232430164751916
256,257,0.6992469293186612
256,356,0.7039824071014338
257,157,0.6929948383347311
257,256,0.6992469293186612
257,258,0.6719748064113622
257,357,0.6786039164412285
258,158,0.663855609824866
258,257,0.6719748064113622
258,259,0.6422181233374311
258,358,0.6503397347480417
259,159,0.6326517392376894
259,258,0.6422181233374311
259,260,0.610841374897954
259,359,0.6200115200207756
260,160,0.6002884768912341
260,259,0.610841374897954
260,261,0.5787494918537079
260,360,0.5884979451376171
261,161,0.5676945615735675
261,260,0.5787494918537079
261,262,0.5468536015861021
261,361,0.5567015926661925
262,162,0.535786953633928
262,261,0.5468536015861021
262,263,0.5160365523113224
262,362,0.5255148875297837
263,163,0.5054360697187887
263,262,0.5160365523113224
263,264,0.48711964059298674
263,363,0.49578647831424416
264,164,0.4774329824606178
264,263,0.48711964059298674
264,265,0.4608319383984937
264,364,0.46828946803045046
265,165,0.452459970861838
265,264,0.4608319383984937
265,266,0.4377835102002875
265,365,0.44369282335969934
266,166,0.43106566717313743
266,265,0.4377835102002875
266,267,0.4184436469072373
266,366,0.42253716045773637
267,167,0.41364584965689377
267,266,0.4184436469072373
267,268,0.40312502873056555
267,367,0.4052159206924162
268,168,0.40043068635856527
268,267,0.40312502873056555
268,269,0.3919744728823914
268,368,0.39196271919419545
269,169,0.3914789537946299
269,268,0.3919744728823914
269,270,0.38497063571898604
269,369,0.3828453829520124
270,170,0.3866794490242301
270,269,0.38497063571898604
270,271,0.3819287355017056
270,370,0.3777669052661944
271,171,0.3857594978348312
271,270,0.3819287355017056
271,272,0.38251205515994846
271,371,0.3764732427376736
272,172,0.38830015022589365
272,271,0.38251205515994846
272,273,0.38624968833222006
272,372,0.3785675832687059
273,173,0.39375736136910633
273,272,0.38624968833222006
273,274,0.3925597201222145
273,373,0.38353043234889106
274,174,0.40148819528512236
274,273,0.3925597201222145
274,275,0.40077679893367324
274,374,0.3907446130656189
275,175,0.4107808716543183
275,274,0.40077679893367324
275,276,0.4101828682438361
275,375,0.39952406434862164
276,176,0.420887313461231
276,275,0.4101828682438361
276,277,0.42003969582701756
276,376,0.4091451615914029
277,177,0.4310567520003571
277,276,0.42003969582701756
277,278,0.4296217686992104
277,377,0.4188791812966127
278,178,0.4405689106755412
278,277,0.4296217686992104
278,279,0.43824811794804086
278,378,0.4280244913714478
279,179,0.44876532140382425
279,278,0.43824811794804086
279,280,0.4453116985912859
279,379,0.4359370728249986
280,180,0.45507742548260854
280,279,0.4453116985912859
280,281,0.4503050725482724
280,380,0.44205806554783456
281,181,0.4590502695769054
281,280,0.4503050725482724
281,282,0.4528413216647228
281,381,0.44593717628626994
282,182,0.46036081923811967
282,281,0.4528413216647228
282,283,0.4526693438262043
282,382,0.44725098381245165
283,183,0.45883016679283695
283,282,0.4526693438262043
283,284,0.44968294764523103
283,383,0.4458154151816392
284,184,0.45442919526892206
284,283,0.44968294764523103
284,285,0.4439234474547856
284,384,0.4415919364557648
285,185,0.4472775616032978
285,284,0.4439234474547856
285,286,0.4355757567685665
285,385,0.43468728855898076
286,186,0.4376361663347845
286,285,0.4355757567685665
286,287,0.4249582709626929
286,386,0.4253468904460229
287,187,0.42589356895213937
287,286,0.4249582709626929
287,288,0.412507104970697
287,387,0.41394231382584334
288,188,0.41254707436266636
288,287,0.412507104970697
288,289,0.39875549649593833
288,388,0.4009534931620308
289,189,0.3981794442530976
289,288,0.39875549649593833
289,290,0.3843093884408026
289,389,0.38694655962801483
290,190,0.38343236707225126
290,289,0.3843093884408026
290,291,0.36982035685119646
290,390,0.3725483679532747
291,191,0.3689779440689689
291,290,0.36982035685119646
291,292,0.35595714614308954
291,391,0.3584189127317112
292,192,0.35548951118915784
292,291,0.35595714614308954
292,293,0.3433771080264397
292,392,0.3452229004731252
293,193,0.3436131156458989
293,292,0.3433771080264397
293,294,0.3326988136864807
293,393,0.3336017530252776
294,194,0.3339409027268464
294,293,0.3326988136864807
294,295,0.32447702275028534
294,394,0.3241472674993958
295,195,0.32698754703649513
295,294,0.32447702275028534
295,296,0.3191810525524126
295,395,0.3173780509269805
296,196,0.32317068983594793
296,295,0.3191810525524126
296,297,0.31717740499222424
296,396,0.31371969070237193
297,197,0.32279612981712913
297,296,0.31717740499222424
297,298,0.31871728578709557
297,397,0.31348942294544646
298,198,0.32604826984146695
298,297,0.31871728578709557
298,299,0.3239294037538124
298,398,0.31688583070383347
299,199,0.3329860595353731
299,298,0.3239294037538124
299,399,0.3239838542429873
300,200,0.5807206056174133
300,301,0.5661929888669666
300,400,0.5701955444689362
301,201,0.5615186993644625
301,300,0.5661929888669666
301,302,0.5485505883312212
301,401,0.5519798144376303
302,202,0.5444950300976399
302,301,0.5485505883312212
302,303,0.5332517782733002
302,402,0.536038025582348
303,203,0.5298800264744145
303,302,0.5332517782733002
303,304,0.5204776164721245
303,403,0.5225805963759027
304,204,0.5178262807311069
304,303,0.5204776164721245
304,305,0.5103265658167445
304,404,0.511735844778331
305,205,0.5084035246120713
305,304,0.5103265658167445
305,306,0.5028112755306472
305,405,0.5035457727522477
306,206,0.5015963342438492
306,305,0.5028112755306472
306,307,0.4978582876154801
306,406,0.49796479278608363
307,207,0.4973047411013975
307,306,0.4978582876154801
307,308,0.4953107691263995
307,407,0.49486152049621757
308,208,0.4953478301300501
308,307,0.4953107691263995
308,309,0.49493426611681385
308,408,0.4940236518198726
309,209,0.4954703016659565
309,308,0.49493426611681385
309,310,0.4964253655266727
309,409,0.4951658330138463
310,210,0.4973518643704461
310,309,0.4964253655266727
310,311,0.4994230406433132
310,410,0.49794032029843527
311,211,0.5006192157643532
311,310,0.4994230406433132
311,312,0.5035223480454027
311,411,0.5019501174361597
312,212,0.5048602592806974
312,311,0.5035223480454027
312,313,0.5082900433284339
312,412,0.5067641778440175
313,213,0.5096401064285598
313,312,0.5082900433284339
313,314,0.5132815936055487
313,413,0.5119341670322738
314,214,0.5145183241048736
314,313,0.5132815936055487
314,315,0.5180589908355149
314,414,0.5170122051138113
315,215,0.5190668145894934
315,314,0.5180589908355149
315,316,0.522208715182565
315,415,0.5215689513963335
316,216,0.52288766325419
316,315,0.522208715182565
316,317,0.5253591650887728
316,416,0.5252113567453982
317,217,0.5256302599023391
317,316,0.5253591650887728
317,318,0.5271968630877517
317,417,0.5275993969541052
318,218,0.5270069965824957
318,317,0.5271968630877517
318,319,0.5274807653178284
318,418,0.5284611134711208
319,219,0.5268068694118861
319,318,0.5274807653178284
319,320,0.5260540489356151
319,419,0.5276053273253094
320,220,0.5249063650580903
320,319,0.5260540489356151
320,321,0.5228528248381347
320,420,0.5249314577552577
321,221,0.5212770935284037
321,320,0.5228528248381347
321,322,0.5179113217798961
321,421,0.5204359676653041
322,222,0.5159897360302815
322,321,0.5179113217798961
322,323,0.5113632094670291
322,422,0.5142150712713247
323,223,0.5092140068639827
323,322,0.5113632094670291
323,324,0.5034388687465622
323,423,0.5064634718027846
324,224,0.5012144773609066
324,323,0.5034388687465622
324,325,0.4944585717757804
324,424,0.49746904454537433
325,225,0.4923422724733942
325,324,0.4944585717757804
325,326,0.48482169835852496
325,425,0.4876035376340176
326,226,0.4830228205276923
326,325,0.48482169835852496
326,327,0.47499228008746597
326,426,0.4773095239398919
327,227,0.4737400069638119
327,326,0.47499228008746597
327,328,0.46548132470267534
327,427,0.4670839957565495
328,228,0.46501724629254676
328,327,0.46548132470267534
328,329,0.4568265221693897
328,428,0.4574591431637629
329,229,0.45739613559981696
329,328,0.4568265221693897
329,330,0.4495700645320939
329,429,0.44898099035730754
330,230,0.4514134805683098
330,329,0.4495700645320939
330,331,0.4442354172138733
330,430,0.44218667563193215
331,231,0.44757758460561925
331,330,0.4442354172138733
331,332,0.4413039544653765
331,431,0.4375812444693619
332,232,0.44634475763530534
332,331,0.4413039544653765
332,333,0.44119241155934935
332,432,0.43561487659459097
333,233,0.4480970290297499
333,332,0.44119241155934935
333,334,0.44423210783657086
333,433,0.4366614833660617
334,234,0.4531220361538453
334,333,0.44423210783657086
334,335,0.4506508561429149
334,434,0.4409995892842144
335,235,0.4615960048718373
335,334,0.4506508561429149
335,336,0.4605583955573876
335,435,0.4487963501127391
336,236,0.47357064181999303
336,335,0.4605583955573876
336,337,0.47393606737636346
336,436,0.4600954611351544
337,237,0.4889646228410761
337,336,0.47393606737636346
337,338,0.49063130264613974
337,437,0.47480957513011324
338,238,0.5075601921551096
338,337,0.49063130264613974
338,339,0.5103573083743336
338,438,0.49271768509920433
339,239,0.5290051887863598
339,338,0.5103573083743336
339,340,0.5326981356768213
339,439,0.513467737499389
340,240,0.5528205981843852
340,339,0.5326981356768213
340,341,0.5571190945863798
340,440,0.5365845349198006
341,241,0.5784134967986339
341,340,0.5571190945863798
341,342,0.582982256078427
341,441,0.5614827710541925
342,242,0.6050950253793734
342,341,0.582982256078427
342,343,0.6095665616588024
342,442,0.5874848244336589
343,243,0.6321028032029136
343,342,0.6095665616588024
343,344,0.6360918543730888
343,443,0.6138427300218656
344,244,0.6586269904469508
344,343,0.6360918543730888
344,345,0.661745961821419
344,444,0.6397635586935169
345,245,0.683839029256956
345,344,0.661745961821419
345,346,0.685713810454549
345,445,0.6644372725831263
346,246,0.7069219543552113
346,345,0.685713810454549
346,347,0.7072074386870048
346,446,0.687065997165047
347,247,0.7271010686435566
347,346,0.7072074386870048
347,348,0.7254957102456416
347,447,0.7068935652687596
348,248,0.7436737336311776
348,347,0.7254957102456416
348,349,0.7399325128552545
348,448,0.7232341489651102
349,249,0.756037032058892
349,348,0.7399325128552545
349,350,0.7499822628975616
349,449,0.7354988053774977
350,250,0.7637121218369936
350,349,0.7499822628975616
350,351,0.7552416238304277
350,450,0.7432188228551755
351,251,0.7663642149618867
351,350,0.7552416238304277
351,352,0.7554564823439502
351,451,0.7460648632468895
352,252,0.7638172785749309
352,351,0.7554564823439502
352,353,0.7505334065958544
352,452,0.7438610506561232
353,253,0.7560627615889339
353,352,0.7505334065958544
353,354,0.7405450284255641
353,453,0.7365933513401932
354,254,0.743261891044893
354,353,0.7405450284255641
354,355,0.7257290373575425
354,454,0.7244118157064237
355,255,0.7257413475202121
355,354,0.7257290373575425
355,356,0.7064807381464544
355,455,0.7076265024084856
356,256,0.7039824071014338
356,355,0.7064807381464544
356,357,0.6833393942240011
356,456,0.6866971658657945
357,257,0.6786039164412285
357,356,0.6833393942240011
357,358,0.6569688447779081
357,457,0.662217050846095
358,258,0.6503397347480417
358,357,0.6569688447779081
358,359,0.6281331314313863
358,458,0.6348913895121746
359,259,0.6200115200207756
359,358,0.6281331314313863
359,360,0.5976680902604388
359,459,0.605511426231039
360,260,0.5884979451376171
360,359,0.5976680902604388
360,361,0.5664500459501015
360,460,0.5749249929459261
361,261,0.5567015926661925
361,360,0.5664500459501015
361,362,0.5353628786098741
361,461,0.5440048137651545
362,262,0.5255148875297837
362,361,0.5353628786098741
362,363,0.5052648135327056
362,462,0.5136158241060108
363,263,0.49578647831424416
363,362,0.5052648135327056
363,364,0.4769563057517079
363,463,0.4845828418387529
364,264,0.46828946803045046
364,363,0.4769563057517079
364,365,0.45115035299165607
364,464,0.45765992239784536
365,265,0.44369282335969934
365,364,0.45115035299165607
365,366,0.42844647361714827
365,465,0.43350266633692763
366,266,0.42253716045773637
366,365,0.42844647361714827
366,367,0.40930943424291527
366,466,0.41264462851193107
367,267,0.4052159206924162
367,366,0.40930943424291527
367,368,0.3940536111560461
367,467,0.39547880776850186
368,268,0.39196271919419545
368,367,0.3940536111560461
368,369,0.3828336292638165
368,468,0.38224498185626965
369,269,0.3828453829520124
369,368,0.3828336292638165
369,370,0.37564165249922077
369,469,0.37302340354488844
370,270,0.3777669052661944
370,369,0.37564165249922077
370,371,0.3723114125021624
370,470,0.3677351014987208
371,271,0.3764732427376736
371,370,0.3723114125021624
371,372,0.372528770846431
371,471,0.36614874548082754
372,272,0.3785675832687059
372,371,0.372528770846431
372,373,0.37584832728537687
372,472,0.3678937526277565
373,273,0.38353043234889106
373,372,0.37584832728537687
373,374,0.38171532529229546
373,473,0.37247904262096565
374,274,0.3907446130656189
374,373,0.38171532529229546
374,375,0.3894918784805673
374,474,0.37931660676673
375,275,0.39952406434862164
375,374,0.3894918784805673
375,376,0.39848635769618845
375,475,0.38774885032623496
376,276,0.4091451615914029
376,375,0.39848635769618845
376,377,0.40798464706099813
376,476,0.39707850827922925
377,277,0.4188791812966127
377,376,0.40798464706099813
377,378,0.4172819039688501
377,477,0.40659982930051286
378,278,0.4280244913714478
378,377,0.4172819039688501
378,379,0.42571344624840557
378,478,0.41562967584260047
379,279,0.4359370728249986
379,378,0.42571344624840557
379,380,0.4326834397815473
379,479,0.42353720190034355
380,280,0.44205806554783456
380,379,0.4326834397815473
380,381,0.43769016928583204
380,480,0.42977084351468536
381,281,0.44593717628626994
381,380,0.43769016928583204
381,382,0.4403468384339987
381,481,0.4338814867939011
382,282,0.44725098381245165
382,381,0.4403468384339987
382,383,0.4403970551678865
382,482,0.4355408580078305
383,283,0.4458154151816392
383,382,0.4403970551678865
383,384,0.43772440399217294
383,483,0.4345544016280583
384,284,0.4415919364557648
384,383,0.43772440399217294
384,385,0.4323557775599599
384,484,0.43086816460402155
385,285,0.43468728855898076
385,384,0.4323557775599599
385,386,0.42445842223643715
385,485,0.42456947681707535
386,286,0.4253468904460229
386,385,0.42445842223643715
386,387,0.41433093330917337
386,486,0.4158814958244825
387,287,0.41394231382584334
387,386,0.41433093330917337
387,388,0.40238870201717714
387,487,0.4051519557365304
388,288,0.4009534931620308
388,387,0.40238870201717714
388,389,0.3891445562941074
388,488,0.39283671279131815
389,289,0.38694655962801483
389,388,0.3891445562941074
389,390,0.3751855391404869
389,489,0.3794789023228691
390,290,0.3725483679532747
390,389,0.3751855391404869
390,391,0.36114692383378943
390,490,0.3656847033256601
391,291,0.3584189127317112
391,390,0.36114692383378943
391,392,0.3476846670617469
391,491,0.3520968396946528
392,292,0.3452229004731252
392,391,0.3476846670617469
392,393,0.33544754547196315
392,492,0.3393670258600934
393,293,0.3336017530252776
393,392,0.33544754547196315
393,394,0.32505020683819275
393,493,0.3281285859975106
394,294,0.3241472674993958
394,393,0.32505020683819275
394,395,0.317048295676091
394,494,0.3189704401184563
395,295,0.3173780509269805
395,394,0.317048295676091
395,396,0.31191668907693987
395,495,0.31241355975196344
396,296,0.31371969070237193
396,395,0.31191668907693987
396,397,0.3100317086555942
396,496,0.30889085584648796
397,297,0.31348942294544646
397,396,0.3100317086555942
397,398,0.31165796786218436
397,497,0.30873127953253054
398,298,0.31688583070383347
398,397,0.31165796786218436
398,399,0.3169402811930083
398,498,0.3121487020046694
399,299,0.3239838542429873
399,398,0.3169402811930083
399,499,0.3192359039765187
400,300,0.5701955444689362
400,401,0.5559823700395999
400,500,0.5592438465685875
401,301,0.5519798144376303
