u,v,cost
0,1,0.8954788698565261
0,100,0.8983617697011791
1,0,0.8954788698565261
1,2,0.8877678202610947
1,101,0.890902985013225
2,1,0.8877678202610947
2,3,0.8798317113980072
2,102,0.8831874536663994
3,2,0.8798317113980072
3,4,0.8717220335185907
3,103,0.8752686960898226
4,3,0.8717220335185907
4,5,0.8634836768662097
4,104,0.8671935874109281
5,4,0.8634836768662097
5,6,0.855155184460027
5,105,0.8590025665606533
6,5,0.855155184460027
6,7,0.8467691116734282
6,106,0.8507299618869099
7,6,0.8467691116734282
7,8,0.8383524719025885
7,107,0.8424044129996646
8,7,0.8383524719025885
8,9,0.8299272466751
8,108,0.8340493673187852
9,8,0.8299272466751
9,10,0.8215109382069536
9,109,0.8256836291509932
10,9,0.8215109382069536
10,11,0.8131171426713559
10,110,0.8173219390852691
11,10,0.8131171426713559
11,12,0.8047561232732545
11,111,0.8089755620526273
12,11,0.8047561232732545
12,13,0.7964353635937743
12,112,0.800652863517711
13,12,0.7964353635937743
13,14,0.7881600835309583
13,113,0.7923598549142712
14,13,0.7881600835309583
14,15,0.7799337024577753
14,114,0.784100691550031
15,14,0.7799337024577753
15,16,0.7717582368758943
15,115,0.775878108723639
16,15,0.7717582368758943
16,17,0.7636346227866841
16,116,0.7676937846431788
17,16,0.7636346227866841
17,18,0.7555629561456008
17,117,0.7595486218305001
18,17,0.7555629561456008
18,19,0.7475426480246951
18,118,0.7514429419516782
19,18,0.7475426480246951
19,20,0.7395724943907196
19,119,0.7433765923413048
20,19,0.7395724943907196
20,21,0.731650663623771
20,120,0.7353489657962868
21,20,0.731650663623771
21,22,0.7237746079665106
21,121,0.7273589384139052
22,21,0.7237746079665106
22,23,0.715940907924399
22,122,0.7194047332530322
23,22,0.715940907924399
23,24,0.7081450611571755
23,123,0.7114837203263342
24,23,0.7081450611571755
24,25,0.7003812295435731
24,124,0.7035921658120016
25,24,0.7003812295435731
25,26,0.6926419598075741
25,125,0.695724945342586
26,25,0.6926419598075741
26,27,0.684917894319406
26,126,0.6878752377329985
27,26,0.684917894319406
27,28,0.6771974893944872
27,127,0.6800342165091144
28,27,0.6771974893944872
28,29,0.6694667585885237
28,128,0.6721907570649225
29,28,0.6694667585885237
29,30,0.661709058120607
29,129,0.6643311771961132
30,29,0.661709058120607
30,31,0.653904930656119
30,130,0.6564390281313581
31,30,0.653904930656119
31,32,0.6460320222689366
31,131,0.6484949520237715
32,31,0.6460320222689366
32,33,0.6380650855125171
32,132,0.6404766202019615
33,32,0.6380650855125171
33,34,0.6299760792090743
33,133,0.632358764353798
34,33,0.6299760792090743
34,35,0.6217343728736429
34,134,0.6241133102796568
35,34,0.6217343728736429
35,36,0.6133070606936657
35,135,0.615709620969288
36,35,0.6133070606936657
36,37,0.6046593867614558
36,136,0.607114852600843
37,36,0.6046593867614558
37,38,0.5957552798894091
37,137,0.5982944237126829
38,37,0.5957552798894091
38,39,0.5865579929135953
38,138,0.5892125943445872
39,38,0.5865579929135953
39,40,0.5770308380000191
39,139,0.5798331484747064
40,39,0.5770308380000191
40,41,0.5671380061991997
40,140,0.5701201696831251
41,40,0.5671380061991997
41,42,0.5568454564365062
41,141,0.5600388967423932
42,41,0.5568454564365062
42,43,0.5461218563614043
42,142,0.5495566428569658
43,42,0.5461218563614043
43,44,0.5349395550856503
43,143,0.5386437596290494
44,43,0.5349395550856503
44,45,0.5232755658875152
44,144,0.5272746245924782
45,44,0.5232755658875152
45,46,0.5111125355054553
45,145,0.5154286293945184
46,45,0.5111125355054553
46,47,0.4984396757378843
46,146,0.5030911444725952
47,46,0.4984396757378843
47,48,0.48525363274082445
47,147,0.4902544354115248
48,47,0.48525363274082445
48,49,0.4715592696935096
48,148,0.4769185061060803
49,48,0.4715592696935096
49,50,0.45737033939049365
49,149,0.46309184440883566
50,49,0.45737033939049365
50,51,0.4427100248099032
50,150,0.4487920471146338
51,50,0.4427100248099032
51,52,0.42761132777899014
51,151,0.43404630290642837
52,51,0.42761132777899014
52,53,0.4121172884737224
52,152,0.41889171423371874
53,52,0.4121172884737224
53,54,0.3962810215989309
53,153,0.4033754419712623
54,53,0.3962810215989309
54,55,0.3801655586371713
54,154,0.3875546600560064
55,54,0.3801655586371713
55,56,0.36384348945446376
55,155,0.3714963110558326
56,55,0.36384348945446376
56,57,0.3473964007263855
56,156,0.3552766577058971
57,56,0.3473964007263855
57,58,0.3309141130078219
57,157,0.3389806297691866
58,57,0.3309141130078219
58,59,0.31449372271752263
58,158,0.32270097004272713
59,58,0.31449372271752263
59,60,0.29823845974438623
59,159,0.306537187840017
60,59,0.29823845974438623
60,61,0.2822563757047809
60,160,0.29059433273157553
61,60,0.2822563757047809
61,62,0.266658881988848
61,161,0.27498160561654506
62,61,0.266658881988848
62,63,0.2515591605316557
62,162,0.2598108282286794
63,62,0.2515591605316557
63,64,0.23707047364087008
63,163,0.24519479585381782
64,63,0.23707047364087008
64,65,0.2233044021225989
64,164,0.23124554126373115
65,64,0.2233044021225989
65,66,0.21036904329728223
65,165,0.21807254057240483
66,65,0.21036904329728223
66,67,0.1983672022254948
66,166,0.20578089382542403
67,66,0.1983672022254948
67,68,0.18739461051983058
67,167,0.19446951458355366
68,67,0.18739461051983058
68,69,0.1775382074684964
68,168,0.18422936351399088
69,68,0.1775382074684964
69,70,0.16887451781893814
69,169,0.17514176102824208
70,69,0.16887451781893814
70,71,0.16146815946160928
70,170,0.16727681329094674
71,70,0.16146815946160928
71,72,0.15537051242685376
71,171,0.16069198447219224
72,71,0.15537051242685376
72,73,0.1506185780897794
72,172,0.1554308459463169
73,72,0.1506185780897794
73,74,0.14723405431235217
73,173,0.1515220302881095
74,73,0.14723405431235217
74,75,0.14522264849697578
74,174,0.14897841443342008
75,74,0.14522264849697578
75,76,0.14457364625321062
75,175,0.14779655232070504
76,75,0.14457364625321062
76,77,0.14525974867284192
76,176,0.1479563727910898
77,76,0.14525974867284192
77,78,0.14723718616245424
77,177,0.14942115358705055
78,77,0.14723718616245424
78,79,0.1504461114995403
78,178,0.15213777705318998
79,78,0.1504461114995403
79,80,0.15481126936671188
79,179,0.1560372677138645
80,79,0.15481126936671188
80,81,0.160242934191475
80,180,0.16103560639380982
81,80,0.160242934191475
81,82,0.16663810279032648
81,181,0.16703481007475818
82,81,0.16663810279032648
82,83,0.17388192319867296
82,182,0.17392426135863617
83,82,0.17388192319867296
83,84,0.18184933627178496
83,183,0.18158226634993802
84,83,0.18184933627178496
84,85,0.19040690227028065
84,184,0.18987781508481505
85,84,0.19040690227028065
85,86,0.19941478079188157
85,185,0.19867251442425082
86,85,0.19941478079188157
86,87,0.20872882916438018
86,186,0.20782265968576705
87,86,0.20872882916438018
87,88,0.21820278184572806
87,187,0.2171814082935118
88,87,0.21820278184572806
88,89,0.22769047154469643
88,188,0.22660101644833436
89,88,0.22769047154469643
89,90,0.23704805172324953
89,189,0.23593509831059048
90,89,0.23704805172324953
90,91,0.24613617989687692
90,190,0.24504086648622236
91,90,0.24613617989687692
91,92,0.2548221217218605
91,191,0.25378131273135035
92,91,0.2548221217218605
92,93,0.26298173724179097
92,192,0.26202728874502706
93,92,0.26298173724179097
93,94,0.27050131283526185
93,193,0.26965944868932534
94,93,0.27050131283526185
94,95,0.2772792053214176
94,194,0.27657001762828115
95,94,0.2772792053214176
95,96,0.28322726828281997
95,195,0.2826643533637298
96,95,0.28322726828281997
96,97,0.28827203488392295
96,196,0.2878622731019248
97,96,0.28827203488392295
97,98,0.292355636212942
97,197,0.292099120931052
98,97,0.292355636212942
98,99,0.29543643935818203
98,198,0.2953265571341973
99,98,0.29543643935818203
99,199,0.29751305580227794
100,0,0.8983617697011791
100,101,0.8937858848578779
100,200,0.8961138407753362
101,1,0.890902985013225
101,100,0.8937858848578779
101,102,0.8863226184185297
101,201,0.8889369552097175
102,2,0.8831874536663994
102,101,0.8863226184185297
102,103,0.8786244383582148
102,202,0.8814946482088892
103,3,0.8752686960898226
103,102,0.8786244383582148
103,104,0.8707402499821602
103,203,0.8738376367141233
104,4,0.8671935874109281
104,103,0.8707402499821602
104,105,0.8627124771053716
104,204,0.8660101127027472
105,5,0.8590025665606533
105,104,0.8627124771053716
105,106,0.8545773439875362
105,205,0.858049981252617
106,6,0.8507299618869099
106,105,0.8545773439875362
106,107,0.8463652632131462
106,206,0.8499892141955462
107,7,0.8424044129996646
107,106,0.8463652632131462
107,108,0.8381013084158613
107,207,0.8418542987330953
108,8,0.8340493673187852
108,107,0.8381013084158613
108,109,0.8298057497946786
108,208,0.8336667591298484
109,9,0.8256836291509932
109,108,0.8298057497946786
109,110,0.8214946300293088
109,209,0.8254437289543302
110,10,0.8173219390852691
110,109,0.8214946300293088
110,111,0.8131803584665406
110,210,0.8171985513070439
111,11,0.8089755620526273
111,110,0.8131803584665406
111,112,0.8048723022970838
111,211,0.8089413850448763
112,12,0.800652863517711
112,111,0.8048723022970838
112,113,0.7965773548382079
112,212,0.8006797961529167
113,13,0.7923598549142712
113,112,0.7965773548382079
113,114,0.7883004629333439
113,213,0.7924193150868255
114,14,0.784100691550031
114,113,0.7883004629333439
114,115,0.7800450978158948
114,214,0.7841639430568388
115,15,0.775878108723639
115,114,0.7800450978158948
115,116,0.7718136564909237
115,215,0.775916592782979
116,16,0.7676937846431788
116,115,0.7718136564909237
116,117,0.7636077836869948
116,216,0.7676794521453922
117,17,0.7595486218305001
117,116,0.7636077836869948
117,118,0.7554286076365776
117,217,0.7594542623017566
118,18,0.7514429419516782
118,117,0.7554286076365776
118,119,0.7472768862682879
118,218,0.7512425051577483
119,19,0.7433765923413048
119,118,0.7472768862682879
119,120,0.7391530637468721
119,219,0.7430454984658321
120,20,0.7353489657962868
120,119,0.7391530637468721
120,121,0.7310572405864211
120,220,0.7348644002001228
121,21,0.7273589384139052
121,120,0.7310572405864211
121,122,0.7229890637004268
121,221,0.7267001271201694
122,22,0.7194047332530322
122,121,0.7229890637004268
122,123,0.7149475456549673
122,222,0.7185531955067488
123,23,0.7114837203263342
123,122,0.7149475456549673
123,124,0.7069308249811603
123,223,0.7104234948465491
124,24,0.7035921658120016
124,123,0.7069308249811603
124,125,0.6989358816110145
124,224,0.7023100076854445
125,25,0.695724945342586
125,124,0.6989358816110145
125,126,0.6909582232680104
125,225,0.694210490897129
126,26,0.6878752377329985
126,125,0.6909582232680104
126,127,0.682991559922707
126,226,0.6861211351708487
127,27,0.6800342165091144
127,126,0.682991559922707
127,128,0.6750274841795496
127,227,0.6780362205670236
128,28,0.6721907570649225
128,127,0.6750274841795496
128,129,0.667055175672512
128,228,0.6699477864937275
129,29,0.6643311771961132
129,128,0.667055175672512
129,130,0.6590611472068644
129,229,0.661845334405483
130,30,0.6564390281313581
130,129,0.6590611472068644
130,131,0.6510290494990107
130,230,0.6537155809178127
131,31,0.6484949520237715
131,130,0.6510290494990107
131,132,0.6429395499567964
131,231,0.6455422778801229
132,32,0.6404766202019615
132,131,0.6429395499567964
132,133,0.6347702990432424
132,232,0.637306114283178
133,33,0.632358764353798
133,132,0.6347702990432424
133,134,0.6264959954243805
133,233,0.6289847127365495
134,34,0.6241133102796568
134,133,0.6264959954243805
134,135,0.6180885583753021
134,234,0.6205527306890369
135,35,0.615709620969288
135,134,0.6180885583753021
135,136,0.6095174128764653
135,235,0.611982073645383
136,36,0.607114852600843
136,135,0.6095174128764653
136,137,0.60074988955207
136,236,0.6032422244293378
137,37,0.5982944237126829
137,136,0.60074988955207
137,138,0.591751738167861
137,237,0.5943006891377719
138,38,0.5892125943445872
138,137,0.591751738167861
138,139,0.5824877499056982
138,238,0.5851235569103805
139,39,0.5798331484747064
139,138,0.5824877499056982
139,140,0.5729224801578123
139,239,0.5756761670955726
140,40,0.5701201696831251
140,139,0.5729224801578123
140,141,0.5630210602263186
140,240,0.5659238739179692
141,41,0.5600388967423932
141,140,0.5630210602263186
141,142,0.5527500831628528
141,241,0.5558328954383585
142,42,0.5495566428569658
142,141,0.5527500831628528
142,143,0.5420785461246109
142,242,0.5453712305318361
143,43,0.5386437596290494
143,142,0.5420785461246109
143,144,0.5309788291358775
143,243,0.5345096248779765
144,44,0.5272746245924782
144,143,0.5309788291358775
144,145,0.5194276880994815
144,244,0.5232225646347972
145,45,0.5154286293945184
145,144,0.5194276880994815
145,146,0.5074072383616581
145,245,0.5114892746234678
146,46,0.5030911444725952
146,145,0.5074072383616581
146,147,0.49490590414623564
146,246,0.4992946965398627
147,47,0.4902544354115248
147,146,0.49490590414623564
147,148,0.4819193087767806
147,247,0.4866304219766088
148,48,0.4769185061060803
148,147,0.4819193087767806
148,149,0.4684510808214064
148,248,0.4734955549162123
149,49,0.46309184440883566
149,148,0.4684510808214064
149,150,0.4545135521329758
149,249,0.4598974788588953
150,50,0.4487920471146338
150,149,0.4545135521329758
150,151,0.44012832521115897
150,250,0.4458525048797701
151,51,0.43404630290642837
151,150,0.44012832521115897
151,152,0.42532668936115703
151,251,0.4313863786557275
152,52,0.41889171423371874
152,151,0.42532668936115703
152,153,0.4101498677312586
152,252,0.4165346268348876
153,53,0.4033754419712623
153,152,0.4101498677312586
153,154,0.3946490804283378
153,253,0.4013427259981128
154,54,0.3875546600560064
154,153,0.3946490804283378
154,155,0.37888541247466767
154,254,0.3858660808269606
155,55,0.3714963110558326
155,154,0.37888541247466767
155,156,0.36292947930726593
155,255,0.37016980187707854
156,56,0.3552766577058971
156,155,0.36292947930726593
156,157,0.3468608867486982
156,256,0.3543282774811062
157,57,0.3389806297691866
157,156,0.3468608867486982
157,158,0.33076748680409185
157,257,0.3384245386820043
158,58,0.32270097004272713
158,157,0.33076748680409185
158,159,0.31474443516522155
158,258,0.32254942063060443
159,59,0.306537187840017
159,158,0.31474443516522155
159,160,0.29889306082720635
159,259,0.3068005284689962
160,60,0.29059433273157553
160,159,0.29889306082720635
160,161,0.2833195626433397
160,260,0.29128102026031377
161,61,0.27498160561654506
161,160,0.2833195626433397
161,162,0.26813355185637644
161,261,0.27609822391114314
162,62,0.2598108282286794
162,161,0.26813355185637644
162,163,0.2534464635508415
162,262,0.26136210916262087
163,63,0.24519479585381782
163,162,0.2534464635508415
163,164,0.23936986347667888
163,263,0.24718363950199745
164,64,0.23124554126373115
164,163,0.23936986347667888
164,165,0.2260136797135371
164,264,0.23367303217623892
165,65,0.21807254057240483
165,164,0.2260136797135371
165,166,0.21348439110054662
165,265,0.22093795728996374
166,66,0.20578089382542403
166,165,0.21348439110054662
166,167,0.20188320618348288
166,266,0.20908170916919583
167,67,0.19446951458355366
167,166,0.20188320618348288
167,168,0.19130426757771396
167,267,0.19820138470997115
168,68,0.18422936351399088
168,167,0.19130426757771396
168,169,0.18183291707373656
168,268,0.18838610426059196
169,69,0.17514176102824208
169,168,0.18183291707373656
169,170,0.17354405650025068
169,269,0.17971531067715663
170,70,0.16727681329094674
170,169,0.17354405650025068
170,171,0.16650063830152972
170,270,0.17225718152880298
171,71,0.16069198447219224
171,170,0.16650063830152972
171,172,0.16075231799165535
171,271,0.16606718801312842
172,72,0.1554308459463169
172,171,0.16075231799165535
172,173,0.15633429814464694
172,272,0.16118683199152334
173,73,0.1515220302881095
173,172,0.15633429814464694
173,174,0.1532663904091774
173,273,0.15764258970285913
174,74,0.14897841443342008
174,173,0.1532663904091774
174,175,0.15155231825714938
174,274,0.15544508721230177
175,75,0.14779655232070504
175,174,0.15155231825714938
175,176,0.15117927885858423
175,275,0.15458852856489694
176,76,0.1479563727910898
176,175,0.15117927885858423
176,177,0.1521177777052984
176,276,0.1550503930194972
177,77,0.14942115358705055
177,176,0.1521177777052984
177,178,0.1543217444777863
177,277,0.15679141272808295
178,78,0.15213777705318998
178,177,0.1543217444777863
178,179,0.15772893326751422
178,278,0.159755836899089
179,79,0.1560372677138645
179,178,0.15772893326751422
179,180,0.16226160474096246
179,279,0.16387198294967786
180,80,0.16103560639380982
180,179,0.16226160474096246
180,181,0.167827482277093
180,280,0.1690530695250247
181,81,0.16703481007475818
181,180,0.167827482277093
181,182,0.17432096864306784
181,281,0.17519832066035157
182,82,0.17392426135863617
182,181,0.17432096864306784
182,183,0.18162460450990123
182,282,0.18219432490156623
183,83,0.18158226634993802
183,182,0.18162460450990123
183,184,0.1896107451629681
183,283,0.18991662799949643
184,84,0.18987781508481505
184,183,0.1896107451629681
184,185,0.19814342723878525
184,284,0.1982315329625733
185,85,0.19867251442425082
185,184,0.19814342723878525
185,186,0.2070803933181363
185,285,0.20699807689854383
186,86,0.20782265968576705
186,185,0.2070803933181363
186,187,0.21627523881489868
186,286,0.21607015029322763
187,87,0.2171814082935118
187,186,0.21627523881489868
187,188,0.22557964289611815
187,287,0.2252987212478479
188,88,0.22660101644833436
188,187,0.22557964289611815
188,189,0.2348456432142284
188,288,0.2345341247974188
189,89,0.23593509831059048
189,188,0.2348456432142284
189,190,0.24392791307356332
189,289,0.24362837581730973
190,90,0.24504086648622236
190,189,0.24392791307356332
190,191,0.2526859993206958
190,290,0.2524374632335685
191,91,0.25378131273135035
191,190,0.2526859993206958
191,192,0.26098647975451694
191,291,0.260823583307894
192,92,0.26202728874502706
192,191,0.26098647975451694
192,193,0.26870500019256144
192,292,0.2686572706753343
193,93,0.26965944868932534
193,192,0.26870500019256144
193,194,0.27572815348234464
193,293,0.2758193875591959
194,94,0.27657001762828115
194,193,0.27572815348234464
194,195,0.28195516567059337
194,294,0.2822029341424338
195,95,0.2826643533637298
195,194,0.28195516567059337
195,196,0.2872993581828346
195,295,0.28771464639019984
196,96,0.2878622731019248
196,195,0.2872993581828346
196,197,0.2916893591490539
196,296,0.2922763516297914
197,97,0.292099120931052
197,196,0.2916893591490539
197,198,0.29507004185230723
197,297,0.2958260568228135
198,98,0.2953265571341973
198,197,0.29507004185230723
198,199,0.2974031735782932
198,298,0.29831874961706795
199,99,0.29751305580227794
199,198,0.2974031735782932
199,299,0.29972689783830964
200,100,0.8961138407753362
200,201,0.8912649111271758
200,300,0.8929997208650025
201,101,0.8889369552097175
201,200,0.8912649111271758
201,202,0.8841089850000772
201,301,0.8861592606326267
202,102,0.8814946482088892
202,201,0.8841089850000772
202,203,0.8767078465647977
202,302,0.8790447511423196
203,103,0.8738376367141233
203,202,0.8767078465647977
203,204,0.8691074994347103
203,303,0.8717038250379421
204,104,0.8660101127027472
204,203,0.8691074994347103
204,205,0.8613476168499926
204,304,0.8641777376926129
205,105,0.858049981252617
205,204,0.8613476168499926
205,206,0.8534618514606271
205,305,0.856501632643537
206,106,0.8499892141955462
206,205,0.8534618514606271
206,207,0.8454782497154953
206,306,0.8487049212646706
207,107,0.8418542987330953
207,206,0.8454782497154953
207,208,0.8374197494470825
207,307,0.8408117557903756
208,108,0.8336667591298484
208,207,0.8374197494470825
208,209,0.8293047382895
208,308,0.8328415735436767
209,109,0.8254437289543302
209,208,0.8293047382895
209,210,0.8211476502320654
209,309,0.8248096895801893
210,110,0.8171985513070439
210,209,0.8211476502320654
210,211,0.8129595778853798
210,310,0.8167279149347697
211,111,0.8089413850448763
211,210,0.8129595778853798
211,212,0.8047488789007091
211,311,0.8086051782390088
212,112,0.8006797961529167
212,211,0.8047488789007091
212,213,0.7965217564015343
212,312,0.800448129635746
213,113,0.7924193150868255
213,212,0.7965217564015343
213,214,0.7882827952103204
213,313,0.7922617076102534
214,114,0.7841639430568388
214,213,0.7882827952103204
214,215,0.780035438023923
214,314,0.7840496515322245
215,115,0.775916592782979
215,214,0.780035438023923
215,216,0.7717823884374475
215,315,0.7758149452928464
216,116,0.7676794521453922
216,215,0.7717823884374475
216,217,0.763525930760154
216,316,0.7675601803520156
217,117,0.7594542623017566
217,216,0.763525930760154
217,218,0.7552681598229273
217,317,0.7592878296996683
218,118,0.7512425051577483
218,217,0.7552681598229273
218,219,0.7470111173552924
218,318,0.7510004275940002
219,119,0.7430454984658321
219,218,0.7470111173552924
219,220,0.7387568349190828
219,319,0.7427006533765489
220,120,0.7348644002001228
220,219,0.7387568349190828
220,221,0.7305072867338711
220,320,0.7343913210869153
221,121,0.7267001271201694
221,220,0.7305072867338711
221,222,0.7222642589264914
221,321,0.7260752799167287
222,122,0.7185531955067488
222,221,0.7222642589264914
222,223,0.7140291446983307
222,322,0.7177552336648709
223,123,0.7104234948465491
223,222,0.7140291446983307
223,224,0.7058026775508335
223,323,0.7094334902012188
224,124,0.7023100076854445
224,223,0.7058026775508335
224,225,0.6975846169715592
224,324,0.7011116544386797
225,125,0.694210490897129
225,224,0.6975846169715592
225,226,0.6893734027999674
225,325,0.6927902803870395
226,126,0.6861211351708487
226,225,0.6893734027999674
226,227,0.6811657958151653
226,326,0.6844684994617427
227,127,0.6780362205670236
227,226,0.6811657958151653
227,228,0.6729565228812016
227,327,0.6761436433031509
228,128,0.6699477864937275
228,227,0.6729565228812016
228,229,0.6647379452266986
228,328,0.6678108798972289
229,129,0.661845334405483
229,228,0.6647379452266986
229,230,0.6564997681164313
229,329,0.659462881761132
230,130,0.6537155809178127
230,229,0.6564997681164313
230,231,0.6482288092989248
230,330,0.6510895443652991
231,131,0.6455422778801229
231,230,0.6482288092989248
231,232,0.6399088422065045
231,331,0.6426777718203702
232,132,0.637306114283178
232,231,0.6399088422065045
232,233,0.6315205279764851
232,332,0.6342113451894786
233,133,0.6289847127365495
233,232,0.6315205279764851
233,234,0.6230414480012061
233,333,0.6256708866349026
234,134,0.6205527306890369
234,233,0.6230414480012061
234,235,0.6144462459591179
234,334,0.6170339300255836
235,135,0.611982073645383
235,234,0.6144462459591179
235,236,0.6057068851982554
235,335,0.6082751056831524
236,136,0.6032422244293378
236,235,0.6057068851982554
236,237,0.5967930240150396
236,336,0.59936644370277
237,137,0.5943006891377719
237,236,0.5967930240150396
237,238,0.5876725078802914
237,337,0.5902777968335375
238,138,0.5851235569103805
238,237,0.5876725078802914
238,239,0.5783119741002549
238,338,0.5809773803294339
239,139,0.5756761670955726
239,238,0.5783119741002549
239,240,0.5686775608557294
239,339,0.5714324225777992
240,140,0.5659238739179692
240,239,0.5686775608557294
240,241,0.5587357091300089
240,340,0.5616099167720168
241,141,0.5558328954383585
241,240,0.5587357091300089
241,242,0.5484540428073417
241,341,0.5514774605114149
242,142,0.5453712305318361
242,241,0.5484540428073417
242,243,0.5378023092852016
242,342,0.5410041670748571
243,143,0.5345096248779765
243,242,0.5378023092852016
243,244,0.5267533603768964
243,343,0.5301616293103706
244,144,0.5232225646347972
244,243,0.5267533603768964
244,245,0.5152841511587838
244,344,0.5189249146896583
245,145,0.5114892746234678
245,244,0.5152841511587838
245,246,0.5033767328016724
245,345,0.5072735681625671
246,146,0.4992946965398627
246,245,0.5033767328016724
246,247,0.4910192143702358
246,346,0.4951925980709206
247,147,0.4866304219766088
247,246,0.4910192143702358
247,248,0.4782066681160405
247,347,0.48267341958953036
248,148,0.4734955549162123
248,247,0.4782066681160405
248,249,0.4649419529537012
248,348,0.46971472998720465
249,149,0.4598974788588953
249,248,0.4649419529537012
249,250,0.4512364316056896
249,349,0.4563232904602188
250,150,0.4458525048797701
250,249,0.4512364316056896
250,251,0.43711055832433865
250,350,0.4425145903880652
251,151,0.4313863786557275
251,250,0.43711055832433865
251,252,0.4225943161294581
251,351,0.428313371584097
252,152,0.4165346268348876
252,251,0.4225943161294581
252,253,0.40772748510174184
252,352,0.41375399243468236
253,153,0.4013427259981128
253,252,0.40772748510174184
253,254,0.39255972639673564
253,353,0.39888061469762603
254,154,0.3858660808269606
254,253,0.39255972639673564
254,255,0.3771504702293715
254,354,0.3837471991081358
255,155,0.37016980187707854
255,254,0.3771504702293715
255,256,0.36156860005091884
255,355,0.3684172997500015
256,156,0.3543282774811062
256,255,0.36156860005091884
256,257,0.34589192941441227
256,356,0.3529636513111749
257,157,0.3384245386820043
257,256,0.34589192941441227
257,258,0.330206472508517
257,357,0.3374675477673467
258,158,0.32254942063060443
258,257,0.330206472508517
258,259,0.31460551393437913
258,358,0.3220180156276098
259,159,0.3068005284689962
259,258,0.31460551393437913
259,260,0.2991884879021036
259,359,0.30671078953063835
260,160,0.29128102026031377
260,259,0.2991884879021036
260,261,0.2840596815281172
260,360,0.29164710259266646
261,161,0.27609822391114314
261,260,0.2840596815281172
261,262,0.2693267812173876
261,361,0.27693230837380967
262,162,0.26136210916262087
262,261,0.2693267812173876
262,263,0.25509928511377683
262,362,0.2626743555425246
263,163,0.24718363950199745
263,262,0.25509928511377683
263,264,0.24148680820155746
263,363,0.2489821401789011
264,164,0.23367303217623892
264,263,0.24148680820155746
264,265,0.2285973097526655
264,364,0.2359637640720632
265,165,0.22093795728996374
265,264,0.2285973097526655
265,266,0.21653527535861292
265,365,0.22372473024994471
266,166,0.20908170916919583
266,265,0.21653527535861292
266,267,0.20539988769568407
266,366,0.21236610925634644
267,167,0.19820138470997115
267,266,0.20539988769568407
267,268,0.19528322139284915
267,367,0.20198271129831025
268,168,0.18838610426059196
268,267,0.19528322139284915
268,269,0.18626849786401203
268,368,0.19266130027819323
269,169,0.17971531067715663
269,268,0.18626849786401203
269,270,0.17842843570570893
269,369,0.18447888586638994
270,170,0.17225718152880298
270,269,0.17842843570570893
270,271,0.17182373124040168
270,370,0.17750112914564742
271,171,0.16606718801312842
271,270,0.17182373124040168
271,272,0.1665017020129964
271,371,0.17178089596612595
272,172,0.16118683199152334
272,271,0.1665017020129964
272,273,0.16249512354973553
272,372,0.16735699000866538
273,173,0.15764258970285913
273,272,0.16249512354973553
273,274,0.15982128650598348
273,373,0.16425309469547922
274,174,0.15544508721230177
274,273,0.15982128650598348
274,275,0.15848129752004936
274,374,0.16247694956247527
275,175,0.15458852856489694
275,274,0.15848129752004936
275,276,0.15845964272580987
275,375,0.16201978258034752
276,176,0.1550503930194972
276,275,0.15845964272580987
276,277,0.1597240280422817
276,376,0.16285601526141374
277,177,0.15679141272808295
277,276,0.1597240280422817
277,278,0.16222550514938566
277,377,0.16494325230699852
278,178,0.159755836899089
278,277,0.16222550514938566
278,279,0.16589888658125265
278,378,0.16822256213770193
279,179,0.16387198294967786
279,278,0.16589888658125265
279,280,0.1706634477337401
279,379,0.17261904901621516
280,180,0.1690530695250247
280,279,0.1706634477337401
280,281,0.17642390790828327
280,380,0.1780427117354277
281,181,0.17519832066035157
281,280,0.17642390790828327
281,282,0.18307167691884996
281,381,0.18438957812324153
282,182,0.18219432490156623
282,281,0.18307167691884996
282,283,0.1904863483911614
282,382,0.19154309903018907
283,183,0.18991662799949643
283,282,0.1904863483911614
283,284,0.1985374157991016
283,383,0.19937578013588764
284,184,0.1982315329625733
284,283,0.1985374157991016
284,285,0.2070861826223319
284,384,0.20775102495014647
285,185,0.20699807689854383
285,284,0.2070861826223319
285,286,0.21598783387363513
285,385,0.21652515790238958
286,186,0.21607015029322763
286,285,0.21598783387363513
286,287,0.22509363272617683
286,386,0.22554959250775086
287,187,0.2252987212478479
287,286,0.22509363272617683
287,288,0.2342532031491486
287,387,0.23467310635740374
288,188,0.2345341247974188
288,287,0.2342532031491486
288,289,0.24331685740050013
288,388,0.24374418217854588
289,189,0.24362837581730973
289,288,0.24331685740050013
289,290,0.25213792597731494
289,389,0.25261337250521365
290,190,0.2524374632335685
290,289,0.25213792597731494
290,291,0.26057504722076674
290,390,0.2611356446375216
291,191,0.260823583307894
291,290,0.26057504722076674
291,292,0.2684943742287114
291,391,0.26917266256934
292,192,0.2686572706753343
292,291,0.2684943742287114
292,293,0.27577165804196874
292,392,0.27659496343996526
293,193,0.2758193875591959
293,292,0.27577165804196874
293,294,0.2822941682192851
293,393,0.28328398780295505
294,194,0.2822029341424338
294,293,0.2822941682192851
294,295,0.28796241486204033
294,394,0.2891339255753339
295,195,0.28771464639019984
295,294,0.28796241486204033
295,296,0.29269163983715657
295,395,0.2940533428857752
296,196,0.2922763516297914
296,295,0.29269163983715657
296,297,0.29641304930355095
296,396,0.2979665591168939
297,197,0.2958260568228135
297,296,0.29641304930355095
297,298,0.2990747645875742
297,397,0.30081474815487613
298,198,0.29831874961706795
298,297,0.2990747645875742
298,299,0.3006424738770843
298,398,0.30255674312565206
299,199,0.29972689783830964
299,298,0.3006424738770843
299,399,0.303169529604975
300,200,0.8929997208650025
300,301,0.8878940703704533
300,400,0.8890050303948445
301,201,0.8861592606326267
301,300,0.8878940703704533
301,302,0.8810950267748691
301,401,0.8825449360246852
302,202,0.8790447511423196
302,301,0.8810950267748691
302,303,0.8740407296154638
302,402,0.87580285602821
303,203,0.8717038250379421
303,302,0.8740407296154638
303,304,0.8667740632958445
303,403,0.8688231622983741
304,204,0.8641777376926129
304,303,0.8667740632958445
304,305,0.8593317534861572
304,404,0.861644012885709
305,205,0.856501632643537
305,304,0.8593317534861572
305,306,0.8517447024475804
305,405,0.8542976421674084
306,206,0.8487049212646706
306,305,0.8517447024475804
306,307,0.8440384273395509
306,406,0.8468107636725242
307,207,0.8408117557903756
307,306,0.8440384273395509
307,308,0.8362335798869699
307,407,0.8392050645165176
308,208,0.8328415735436767
308,307,0.8362335798869699
308,309,0.828346524834366
308,408,0.8314977691388488
309,209,0.8248096895801893
309,308,0.828346524834366
309,310,0.8203899542828936
309,409,0.8237022493961534
310,210,0.8167279149347697
310,309,0.8203899542828936
310,311,0.8123735152883989
310,410,0.8158286580428921
311,211,0.8086051782390088
311,310,0.8123735152883989
311,312,0.8043044289740455
311,411,0.8078845632182012
312,212,0.800448129635746
312,311,0.8043044289740455
312,313,0.7961880808444648
312,412,0.7998755627244675
313,213,0.7922617076102534
313,312,0.7961880808444648
313,314,0.7880285639321574
313,413,0.791805858588481
314,214,0.7840496515322245
314,313,0.7880285639321574
314,315,0.7798291588011479
314,414,0.7836787745860017
315,215,0.7758149452928464
315,314,0.7798291588011479
315,316,0.7715927372074145
315,415,0.7754972020197275
316,216,0.7675601803520156
316,315,0.7715927372074145
316,317,0.7633220792915298
316,416,0.7672639619942268
317,217,0.7592878296996683
317,316,0.7633220792915298
317,318,0.7550200974707413
317,417,0.7589820756465712
318,218,0.7510004275940002
318,317,0.7550200974707413
318,319,0.7466899636152567
318,418,0.7506549371798654
319,219,0.7427006533765489
319,318,0.7466899636152567
319,320,0.7383351395443813
319,419,0.7422863880166648
320,220,0.7343913210869153
320,319,0.7383351395443813
320,321,0.7299593142697728
320,420,0.7338806938471614
321,221,0.7260752799167287
321,320,0.7299593142697728
321,322,0.7215662546551083
321,421,0.7254424297007791
322,222,0.7177552336648709
322,321,0.7215662546551083
322,323,0.7131595791677592
322,422,0.7169762813303953
323,223,0.7094334902012188
323,322,0.7131595791677592
323,324,0.7047424670890652
323,423,0.708486774082114
324,224,0.7011116544386797
324,323,0.7047424670890652
324,325,0.6963173178541601
324,424,0.6999779429541161
325,225,0.6927902803870395
325,324,0.6963173178541601
325,326,0.6878853770488149
325,425,0.6914529596584809
326,226,0.6844684994617427
326,325,0.6878853770488149
326,327,0.6794463469497283
326,426,0.6829137341338875
327,227,0.6761436433031509
327,326,0.6794463469497283
327,328,0.6709980003191782
327,427,0.6743605090706949
328,228,0.6678108798972289
328,327,0.6709980003191782
328,329,0.6625358164316623
328,428,0.665791466572424
329,229,0.659462881761132
329,328,0.6625358164316623
329,330,0.6540526580099997
329,429,0.657202366072392
330,230,0.6510895443652991
330,329,0.6540526580099997
330,331,0.6455385068867444
330,430,0.6485862320489788
331,231,0.6426777718203702
331,330,0.6455385068867444
331,332,0.6369802748033444
331,431,0.6399331089500262
332,232,0.6342113451894786
332,331,0.6369802748033444
332,333,0.6283617038478961
332,432,0.6312298990726992
333,233,0.6256708866349026
333,332,0.6283617038478961
333,334,0.6196633686592801
333,433,0.6224602969900042
334,234,0.6170339300255836
334,333,0.6196633686592801
334,335,0.6108627897496182
334,434,0.6136048315218829
335,235,0.6082751056831524
335,334,0.6108627897496182
335,336,0.6019346641876671
335,435,0.6046410232817663
336,236,0.59936644370277
336,335,0.6019346641876671
336,337,0.592851216521268
336,436,0.5955436625628836
337,237,0.5902777968335375
337,336,0.592851216521268
337,338,0.5835826692826802
337,437,0.5862852088449955
338,238,0.5809773803294339
338,337,0.5835826692826802
338,339,0.5740978288069782
338,438,0.5768363095901053
339,239,0.5714324225777992
339,338,0.5740978288069782
339,340,0.5643647784940866
339,439,0.5671664323479141
340,240,0.5616099167720168
340,339,0.5643647784940866
340,341,0.5543516681534226
340,440,0.5572446006028704
341,241,0.5514774605114149
341,340,0.5543516681534226
341,342,0.5440275847789304
341,441,0.5470402203588487
342,242,0.5410041670748571
342,341,0.5440275847789304
342,343,0.5333634871000261
342,442,0.5365239812662094
343,243,0.5301616293103706
343,342,0.5333634871000261
343,344,0.5223331836231324
343,443,0.525668813235876
344,244,0.5189249146896583
344,343,0.5223331836231324
344,345,0.5109143316934417
344,444,0.5144508770355556
345,245,0.5072735681625671
345,344,0.5109143316934417
345,346,0.4990894334318153
345,445,0.5028505653948472
346,246,0.4951925980709206
346,345,0.4990894334318153
346,347,0.4868468032902151
346,446,0.49085348971837595
347,247,0.48267341958953036
347,346,0.4868468032902151
347,348,0.47418148146069455
347,447,0.47845142666662754
348,248,0.46971472998720465
348,347,0.47418148146069455
348,349,0.46109606749372223
348,448,0.4656431986465519
349,249,0.4563232904602188
349,348,0.46109606749372223
349,350,0.4476014492425944
349,449,0.4524354626774988
350,250,0.4425145903880652
350,349,0.4476014492425944
350,351,0.4337174036478235
350,450,0.4388433831667107
351,251,0.428313371584097
351,350,0.4337174036478235
351,352,0.41947304788932127
351,451,0.4248911658310738
352,252,0.41375399243468236
352,351,0.41947304788932127
352,353,0.4049071220305666
352,452,0.41061243231148603
353,253,0.39888061469762603
353,352,0.4049071220305666
353,354,0.3900680874090262
353,453,0.39605041790153334
354,254,0.3837471991081358
354,353,0.3900680874090262
354,355,0.3750140286287658
354,454,0.3812579781975701
355,255,0.3684172997500015
355,354,0.3750140286287658
355,356,0.3598123510102576
355,455,0.36629739430432107
356,256,0.3529636513111749
356,355,0.3598123510102576
356,357,0.34453926966410936
356,456,0.35123997041873034
357,257,0.3374675477673467
357,356,0.34453926966410936
357,358,0.3292790908864396
357,457,0.3361654220752516
358,258,0.3220180156276098
358,357,0.3292790908864396
358,359,0.31412329122386895
358,458,0.3211610579705311
359,259,0.30671078953063835
359,358,0.31412329122386895
359,360,0.29916940422120114
359,459,0.3063207629912595
360,260,0.29164710259266646
360,359,0.29916940422120114
360,361,0.2845197294383589
360,460,0.2917437947393249
361,261,0.27693230837380967
361,360,0.2845197294383589
361,362,0.27027988269894676
361,461,0.2775334103757541
362,262,0.2626743555425246
362,361,0.27027988269894676
362,363,0.2565572106076489
362,462,0.26379534488332856
363,263,0.2489821401789011
363,362,0.2565572106076489
363,364,0.24345909604940685
363,463,0.25063616577512426
364,264,0.2359637640720632
364,363,0.24345909604940685
364,365,0.2310911845693424
364,464,0.23816153275681534
365,265,0.22372473024994471
365,364,0.2310911845693424
365,366,0.21955556414767824
365,465,0.22647439379725864
366,266,0.21236610925634644
366,365,0.21955556414767824
366,367,0.20894893285897265
366,466,0.21567315139802984
367,267,0.20198271129831025
367,366,0.20894893285897265
367,368,0.19936079018365435
367,467,0.2058498345142367
368,268,0.19266130027819323
368,367,0.19936079018365435
368,369,0.19087168828057113
368,468,0.19708831251606534
369,269,0.18447888586638994
369,368,0.19087168828057113
369,370,0.1835515793063284
369,469,0.18946258775854352
370,270,0.17750112914564742
370,369,0.1835515793063284
370,371,0.1774582938713717
370,470,0.1830352027276878
371,271,0.17178089596612595
371,370,0.1774582938713717
371,372,0.17263618396179492
371,471,0.1778557963531403
372,272,0.16735699000866538
372,371,0.17263618396179492
372,373,0.16911496115440908
372,472,0.1739598419364659
373,273,0.16425309469547922
373,372,0.16911496115440908
373,374,0.166908757751971
373,473,0.17136759627324666
374,274,0.16247694956247527
374,373,0.166908757751971
374,375,0.16601543462277346
374,474,0.1700832859952746
375,275,0.16201978258034752
375,374,0.16601543462277346
375,376,0.1664161551159514
375,475,0.17009455299133633
376,276,0.16285601526141374
376,375,0.1664161551159514
376,377,0.16807523952613057
376,476,0.17137217606044858
377,277,0.16494325230699852
377,376,0.16807523952613057
377,378,0.17094030929531479
377,477,0.17387008080181562
378,278,0.16822256213770193
378,377,0.17094030929531479
378,379,0.17494272457266444
378,478,0.17752564425393244
379,279,0.17261904901621516
379,378,0.17494272457266444
379,380,0.17999831301790276
379,479,0.18226029507254166
380,280,0.1780427117354277
380,379,0.17999831301790276
380,381,0.18600838195038596
380,480,0.18798040420137568
381,281,0.18438957812324153
381,380,0.18600838195038596
381,382,0.19286100023458064
381,481,0.19457845516232947
382,282,0.19154309903018907
382,381,0.19286100023458064
382,383,0.20043253077491527
382,482,0.20193447739585055
383,283,0.19937578013588764
383,382,0.20043253077491527
383,384,0.2085893892869325
383,483,0.20991772063929942
384,284,0.20775102495014647
384,383,0.2085893892869325
384,385,0.21719000023020416
384,484,0.21838854325822188
385,285,0.21652515790238958
385,384,0.21719000023020416
385,386,0.2260869165365053
385,485,0.22720048285371663
386,286,0.22554959250775086
386,385,0.2260869165365053
386,387,0.23512906613897777
386,486,0.23620247345988019
387,287,0.23467310635740374
387,386,0.23512906613897777
387,388,0.24416408538680107
387,487,0.24524117030916914
388,288,0.24374418217854588
388,387,0.24416408538680107
388,389,0.2530406972832594
388,488,0.2541633405571797
389,289,0.25261337250521365
389,388,0.2530406972832594
389,390,0.26161109116542036
389,489,0.2628182765835336
390,290,0.2611356446375216
390,389,0.26161109116542036
390,391,0.2697332599860948
390,490,0.271060187567538
391,291,0.26917266256934
391,390,0.2697332599860948
391,392,0.2772732517805938
391,491,0.27875052500319564
392,292,0.27659496343996526
392,391,0.2772732517805938
392,393,0.28410729320095157
392,492,0.28576019867712443
393,293,0.28328398780295505
393,392,0.28410729320095157
393,394,0.29012374515900385
393,493,0.29197164137510484
394,294,0.2891339255753339
394,393,0.29012374515900385
394,395,0.2952248535990688
394,494,0.2972806831797531
395,295,0.2940533428857752
395,394,0.2952248535990688
395,396,0.29932826216551256
395,495,0.3015981996266282
396,296,0.2979665591168939
396,395,0.29932826216551256
396,397,0.3023682579682191
396,496,0.30485150213472734
397,297,0.30081474815487613
397,396,0.3023682579682191
397,398,0.30429672669295404
397,497,0.3069854439397903
398,298,0.30255674312565206
398,397,0.30429672669295404
398,399,0.30508379885354275
398,498,0.3079632201404885
399,299,0.303169529604975
399,398,0.30508379885354275
