u,v,cost
0,1,0.3966052096643494
0,100,0.40382565144398286
1,0,0.3966052096643494
1,2,0.3873485371407172
1,101,0.3953720844158698
2,1,0.3873485371407172
2,3,0.3779105223392637
2,102,0.38650942067521243
3,2,0.3779105223392637
3,4,0.36862034498610263
3,103,0.37756949499170833
4,3,0.36862034498610263
4,5,0.3598050706345333
4,104,0.3688897967666308
5,4,0.3598050706345333
5,6,0.3517792645919665
5,105,0.360802253071012
6,5,0.3517792645919665
6,7,0.3448356009476564
6,106,0.3536227700595471
7,6,0.3448356009476564
7,8,0.33923667309954153
7,107,0.3476417981845056
8,7,0.33923667309954153
8,9,0.33520814230109025
8,108,0.34311612160401905
9,8,0.33520814230109025
9,10,0.3329332946817843
9,109,0.3402620075332464
10,9,0.3329332946817843
10,11,0.33254901848800156
10,110,0.33924979068406125
11,10,0.33254901848800156
11,12,0.3341431646672785
11,111,0.34019991438815667
12,11,0.3341431646672785
12,13,0.3377532171329006
12,112,0.3431804056949318
13,12,0.3377532171329006
13,14,0.3433661748134114
13,113,0.34820572795789584
14,13,0.3433661748134114
14,15,0.3509195355926297
14,114,0.35523693149854363
15,14,0.3509195355926297
15,16,0.3603032711979906
15,115,0.36418301027270006
16,15,0.3603032711979906
16,17,0.37136268989448373
16,116,0.37490336864762275
17,16,0.37136268989448373
17,18,0.3839020977577862
17,117,0.38721130534778236
18,17,0.3839020977577862
18,19,0.39768918621393257
18,118,0.4008784287950581
19,18,0.39768918621393257
19,20,0.41246009019777785
19,119,0.4156399266707966
20,19,0.41246009019777785
20,21,0.42792507459514795
20,120,0.4312006197886489
21,20,0.42792507459514795
21,22,0.4437748138915144
21,121,0.4472417337683091
22,21,0.4437748138915144
22,23,0.459687229080799
22,122,0.46342831949968066
23,22,0.459687229080799
23,24,0.47533483563272294
23,123,0.47941724361051374
24,23,0.47533483563272294
24,25,0.49039253635633206
24,124,0.4948656525315837
25,24,0.49039253635633206
25,26,0.5045457640081387
25,125,0.5094397886127557
26,25,0.5045457640081387
26,27,0.5174988421346831
26,126,0.522824005303244
27,26,0.5174988421346831
27,28,0.5289833914638282
27,127,0.5347297927390602
28,27,0.5289833914638282
28,29,0.5387665664562615
28,128,0.5449045879749284
29,28,0.5387665664562615
29,30,0.5466588662086297
29,129,0.553140108896621
30,29,0.5466588662086297
30,31,0.5525212298306085
30,130,0.5592799212079848
31,30,0.5525212298306085
31,32,0.5562711027334539
31,131,0.5632259275112605
32,31,0.5562711027334539
32,33,0.5578871506620673
32,132,0.5649434598654659
33,32,0.5578871506620673
33,34,0.5574123058374345
33,133,0.564464665279637
34,33,0.5574123058374345
34,35,0.5549548564121723
34,134,0.5618898995668902
35,34,0.5549548564121723
35,36,0.5506873376196633
35,135,0.5573868900468857
36,35,0.5506873376196633
36,37,0.5448430502816977
36,136,0.5511874917692519
37,36,0.5448430502816977
37,38,0.5377101181391841
37,137,0.5435819440046352
38,37,0.5377101181391841
38,39,0.5296230968413331
38,138,0.5349106311908955
39,38,0.5296230968413331
39,40,0.520952260165345
39,139,0.5255534615781363
40,39,0.520952260165345
40,41,0.5120908078504686
40,140,0.5159170926492466
41,40,0.5120908078504686
41,42,0.503440358195488
41,141,0.5064203492956644
42,41,0.503440358195488
42,43,0.49539520065342635
42,142,0.4974782924125002
43,42,0.49539520065342635
43,44,0.48832588228327317
43,143,0.4894854955111095
44,43,0.48832588228327317
44,45,0.4825627805589071
44,144,0.4827991687286723
45,44,0.4825627805589071
45,46,0.4783803678155121
45,145,0.4777228273573367
46,45,0.4783803678155121
46,47,0.4759828946941901
46,146,0.474491230726824
47,46,0.4759828946941901
47,48,0.4754922078625238
47,147,0.4732573131980842
48,47,0.4754922078625238
48,49,0.4769383692320477
48,148,0.47408178993318484
49,48,0.4769383692320477
49,50,0.48025365990039537
49,149,0.476926045514137
50,49,0.48025365990039537
50,51,0.48527043409966414
50,150,0.48164880477903127
51,50,0.48527043409966414
51,52,0.4917231404542145
51,151,0.4880069457156194
52,51,0.4917231404542145
52,53,0.4992546555811114
52,152,0.49566064900966644
53,52,0.4992546555811114
53,54,0.5074268858393266
53,153,0.5041828946347586
54,53,0.5074268858393266
54,55,0.5157353954549706
54,154,0.5130731207927002
55,54,0.5157353954549706
55,56,0.5236276227882316
55,155,0.5217746636539344
56,55,0.5236276227882316
56,57,0.5305240610255297
56,156,0.5296954073343079
57,56,0.5305240610255297
57,58,0.5358416148228246
57,157,0.5362309020632191
58,57,0.5358416148228246
58,59,0.5390182094987043
58,158,0.540789063780829
59,58,0.5390182094987043
59,60,0.5395376322383729
59,159,0.5428154587230805
60,59,0.5395376322383729
60,61,0.5369535317729299
60,160,0.5418181087581277
61,60,0.5369535317729299
61,62,0.5309114984936381
61,161,0.5373907323311155
62,61,0.5309114984936381
62,63,0.521168193002539
62,162,0.5292333646926313
63,62,0.521168193002539
63,64,0.5076065872625122
63,163,0.5171693800749936
64,63,0.5076065872625122
64,65,0.4902465258272008
64,164,0.5011580655906974
65,64,0.4902465258272008
65,66,0.46924999967663905
65,165,0.4813020673402383
66,65,0.46924999967663905
66,67,0.44492074427464073
66,166,0.45784923669984207
67,66,0.44492074427464073
67,68,0.4176980169916038
67,167,0.4311886401489229
68,67,0.4176980169916038
68,69,0.38814466591069463
68,168,0.4018407487912705
69,68,0.38814466591069463
69,70,0.35692986021216777
69,169,0.370442082276489
70,69,0.35692986021216777
70,71,0.324807099403827
70,170,0.33772483391007996
71,70,0.324807099403827
71,72,0.2925883424915301
71,171,0.3044922371470052
72,71,0.2925883424915301
72,73,0.2611152875043941
72,172,0.2715906368330724
73,72,0.2611152875043941
73,74,0.2312289768236419
73,173,0.23987939117206009
74,73,0.2312289768236419
74,75,0.20373899673245094
74,174,0.2101998439247153
75,74,0.20373899673245094
75,76,0.1793935751607151
75,175,0.18334466451433226
76,75,0.1793935751607151
76,77,0.15885185714380484
76,176,0.16002885286109958
77,76,0.15885185714380484
77,78,0.1426595533716301
77,177,0.1408636450744541
78,77,0.1426595533716301
78,79,0.13122901664818942
78,178,0.1263344377090923
79,78,0.13122901664818942
79,80,0.124824610214539
79,179,0.11678367711215203
80,79,0.124824610214539
80,81,0.12355399936839961
80,180,0.11239944408836486
81,80,0.12355399936839961
81,82,0.12736573445036445
81,181,0.11321021262365724
82,81,0.12736573445036445
82,83,0.1360532114966837
82,182,0.11908598650529179
83,82,0.1360532114966837
83,84,0.14926481013503123
83,183,0.12974573238617168
84,83,0.14926481013503123
84,85,0.16651973042121487
84,184,0.1447707458058028
85,84,0.16651973042121487
85,86,0.18722879473080456
85,185,0.16362332147585695
86,85,0.18722879473080456
86,87,0.2107192599471555
86,186,0.18566986358682497
87,86,0.2107192599471555
87,88,0.23626250977527885
87,187,0.21020737741022005
88,87,0.23626250977527885
88,89,0.26310337558647595
88,188,0.23649213948302922
89,88,0.26310337558647595
89,90,0.29048977262304954
89,189,0.26376925711338395
90,89,0.29048977262304954
90,91,0.3177013395534557
90,190,0.29130180294237795
91,90,0.3177013395534557
91,92,0.34407583302328487
91,191,0.3183982478798554
92,91,0.34407583302328487
92,93,0.3690321516280297
92,192,0.3444370138224373
93,92,0.3690321516280297
93,94,0.3920890393118234
93,193,0.3688871210575526
94,93,0.3920890393118234
94,95,0.41287873760483684
94,194,0.3913241062876328
95,94,0.41287873760483684
95,96,0.43115510820171743
95,195,0.4114406255361446
96,95,0.43115510820171743
96,97,0.4467960193954293
96,196,0.4290514197396465
97,96,0.4467960193954293
97,98,0.45980006810280194
97,197,0.44409259628155795
98,97,0.45980006810280194
98,99,0.47027797969094826
98,198,0.4566154532383937
99,98,0.47027797969094826
99,199,0.46677533101656943
100,0,0.40382565144398286
100,101,0.40259252619550323
100,200,0.4095988582351847
101,1,0.3953720844158698
101,100,0.40259252619550323
101,102,0.394532967950365
101,201,0.4024115354329166
102,2,0.38650942067521243
102,101,0.394532967950365
102,103,0.3861683933276571
102,202,0.39468633163527017
103,3,0.37756949499170833
103,102,0.3861683933276571
103,104,0.37783894677223645
103,203,0.38676375171885774
104,4,0.3688897967666308
104,103,0.37783894677223645
104,105,0.3698869792031094
104,204,0.37899474332437566
105,5,0.360802253071012
105,104,0.3698869792031094
105,106,0.36264575853859266
105,205,0.37172864169181713
106,6,0.3536227700595471
106,105,0.36264575853859266
106,107,0.35642896729639634
106,206,0.3653016359988561
107,7,0.3476417981845056
107,106,0.35642896729639634
107,108,0.3515212466889831
107,207,0.3600260745679882
108,8,0.34311612160401905
108,107,0.3515212466889831
108,109,0.3481699868361753
108,208,0.3561808729324824
109,9,0.3402620075332464
109,108,0.3481699868361753
109,110,0.34657850353552344
109,209,0.3540032325161476
110,10,0.33924979068406125
110,109,0.34657850353552344
110,111,0.34690068658421636
110,210,0.35368182173257356
111,11,0.34019991438815667
111,110,0.34690068658421636
111,112,0.3492371554158099
111,211,0.35535151834020684
112,12,0.3431804056949318
112,111,0.3492371554158099
112,113,0.35363291651992707
112,212,0.3590897639985955
113,13,0.34820572795789584
113,112,0.35363291651992707
113,114,0.36007648464302805
113,213,0.36491454056454264
114,14,0.35523693149854363
114,113,0.36007648464302805
114,115,0.36850040617861396
114,214,0.37278394341871823
115,15,0.36418301027270006
115,114,0.36850040617861396
115,116,0.37878310772233226
115,215,0.3825972999806254
116,16,0.37490336864762275
116,115,0.37878310772233226
116,117,0.3907519841009214
116,216,0.39419776086264346
117,17,0.38721130534778236
117,116,0.3907519841009214
117,118,0.40418763638505417
117,217,0.4073762756114764
118,18,0.4008784287950581
118,117,0.40418763638505417
118,119,0.4188291692519221
118,218,0.42187685309168466
119,19,0.4156399266707966
119,118,0.4188291692519221
119,120,0.43438045626166755
119,219,0.43740299649053976
120,20,0.4312006197886489
120,119,0.43438045626166755
120,121,0.45051727896181004
120,220,0.4536251928753061
121,21,0.4472417337683091
121,120,0.45051727896181004
121,122,0.46689523937647537
121,221,0.47018932561360827
122,22,0.46342831949968066
122,121,0.46689523937647537
122,123,0.4831583340293954
122,222,0.4867258635419983
123,23,0.47941724361051374
123,122,0.4831583340293954
123,124,0.4989480605093745
123,223,0.502859662817173
124,24,0.4948656525315837
124,123,0.4989480605093745
124,125,0.5139129047880073
124,224,0.5182201958059085
125,25,0.5094397886127557
125,124,0.5139129047880073
125,126,0.527718029907861
125,225,0.5324519967335055
126,26,0.522824005303244
126,125,0.527718029907861
126,127,0.5400549559076211
126,226,0.5452250873587312
127,27,0.5347297927390602
127,126,0.5400549559076211
127,128,0.5506509892501603
127,227,0.5562451195339793
128,28,0.5449045879749284
128,127,0.5506509892501603
128,129,0.5592781304152878
128,228,0.5652629475056208
129,29,0.553140108896621
129,128,0.5592781304152878
129,130,0.5657611638959761
129,229,0.5720833239200727
130,30,0.5592799212079848
130,129,0.5657611638959761
130,131,0.5699846188886368
130,230,0.5765724025830401
131,31,0.5632259275112605
131,130,0.5699846188886368
131,132,0.5718982846432725
131,231,0.578663730854643
132,32,0.5649434598654659
132,131,0.5718982846432725
132,133,0.5715209744830356
132,232,0.578362427624072
133,33,0.564464665279637
133,132,0.5715209744830356
133,134,0.5689422590090927
133,233,0.5757472710271803
134,34,0.5618898995668902
134,133,0.5689422590090927
134,135,0.5643219332016036
134,234,0.5709704646345919
135,35,0.5573868900468857
135,134,0.5643219332016036
135,136,0.5578870441964743
135,235,0.5642549120129707
136,36,0.5511874917692519
136,135,0.5578870441964743
136,137,0.5499263854921894
136,236,0.5558889065742225
137,37,0.5435819440046352
137,136,0.5499263854921894
137,138,0.5407824570563464
137,237,0.5462182346027828
138,38,0.5349106311908955
138,137,0.5407824570563464
138,139,0.5308409959276987
138,238,0.5356357913251495
139,39,0.5255534615781363
139,138,0.5308409959276987
139,140,0.5205182940620379
139,239,0.5245689188843963
140,40,0.5159170926492466
140,139,0.5205182940620379
140,141,0.5102466340944424
140,240,0.5134647862744931
141,41,0.5064203492956644
141,140,0.5102466340944424
141,142,0.5004582835126765
141,241,0.5027742392047831
142,42,0.4974782924125002
142,141,0.5004582835126765
142,143,0.4915685872701834
142,242,0.4929346466681272
143,43,0.4894854955111095
143,142,0.4915685872701834
143,144,0.4839587819565086
143,243,0.4843523547903925
144,44,0.4827991687286723
144,143,0.4839587819565086
144,145,0.47795921552710185
144,244,0.47738542174616194
145,45,0.4777228273573367
145,144,0.47795921552710185
145,146,0.47383369026864863
145,245,0.472327345171051
146,46,0.474491230726824
146,145,0.47383369026864863
146,147,0.4717656492307181
146,246,0.4693925015829018
147,47,0.4732573131980842
147,146,0.4717656492307181
147,148,0.47184689526874524
147,247,0.4687039930970609
148,48,0.47408178993318484
148,147,0.47184689526874524
148,149,0.47406946621527407
148,248,0.47028453893546457
149,49,0.476926045514137
149,148,0.47406946621527407
149,150,0.4783211903927729
149,249,0.4740509582994009
150,50,0.48164880477903127
150,149,0.4783211903927729
150,151,0.4843853163949866
150,250,0.4798126692622783
151,51,0.4880069457156194
151,150,0.4843853163949866
151,152,0.49194445427107136
151,251,0.48727447933846235
152,52,0.49566064900966644
152,151,0.49194445427107136
152,153,0.5005888880633136
152,252,0.4960437728229201
153,53,0.5041828946347586
153,152,0.5005888880633136
153,154,0.5098291295881321
153,253,0.5056420148253156
154,54,0.5130731207927002
154,153,0.5098291295881321
154,155,0.5191123889916638
154,254,0.515520300226924
155,55,0.5217746636539344
155,154,0.5191123889916638
155,156,0.5278424482000106
155,255,0.5250784864219874
156,56,0.5296954073343079
156,155,0.5278424482000106
156,157,0.5354022483719971
156,256,0.5336872708610843
157,57,0.5362309020632191
157,156,0.5354022483719971
157,158,0.5411783510212236
157,257,0.5407124171654194
158,58,0.540789063780829
158,157,0.5411783510212236
158,159,0.5445863130052051
158,258,0.5455402054022871
159,59,0.5428154587230805
159,158,0.5445863130052051
159,160,0.5450959352428354
159,259,0.5476030904159288
160,60,0.5418181087581277
160,159,0.5450959352428354
160,161,0.5422553093163134
160,260,0.5464045028186223
161,61,0.5373907323311155
161,160,0.5422553093163134
161,162,0.5357125985301086
161,261,0.5415417244358585
162,62,0.5292333646926313
162,161,0.5357125985301086
162,163,0.5252345517650858
162,262,0.5327258156064179
163,63,0.5171693800749936
163,162,0.5252345517650858
163,164,0.5107208584031788
163,263,0.5197976653927452
164,64,0.5011580655906974
164,163,0.5107208584031788
164,165,0.49221360710373496
164,264,0.5027393747161151
165,65,0.4813020673402383
165,164,0.49221360710373496
165,166,0.46990130436344135
165,265,0.4816803616375373
166,66,0.45784923669984207
166,165,0.46990130436344135
166,167,0.4441171325741242
166,266,0.4568977902691216
167,67,0.4311886401489229
167,166,0.4441171325741242
167,168,0.41533137194858954
167,267,0.42881116109588024
168,68,0.4018407487912705
168,167,0.41533137194858954
168,169,0.3841381651570649
168,268,0.3979711503539587
169,69,0.370442082276489
169,168,0.3841381651570649
169,170,0.35123705597440114
169,269,0.3650430381384267
170,70,0.33772483391007996
170,169,0.35123705597440114
170,171,0.3174099716532581
170,270,0.33078530729126476
171,71,0.3044922371470052
171,170,0.3174099716532581
171,172,0.2834945314885475
171,271,0.29602421621841163
172,72,0.2715906368330724
172,171,0.2834945314885475
172,173,0.2503547405007383
172,272,0.2616253377420818
173,73,0.23987939117206009
173,172,0.2503547405007383
173,174,0.21885025827313348
173,273,0.22846320337840587
174,74,0.2101998439247153
174,173,0.21885025827313348
174,175,0.18980551170659662
174,274,0.19739029034214028
175,75,0.18334466451433226
175,174,0.18980551170659662
175,176,0.16397994221471673
175,275,0.16920663167668815
176,76,0.16002885286109958
176,175,0.16397994221471673
176,177,0.14204064079174883
176,276,0.14463131531589707
177,77,0.1408636450744541
177,176,0.14204064079174883
177,178,0.12453852941191629
177,277,0.12427706548978554
178,78,0.1263344377090923
178,177,0.12453852941191629
178,179,0.11188909817305492
178,278,0.10862897238538588
179,79,0.11678367711215203
179,178,0.11188909817305492
179,180,0.10435851098597787
179,279,0.09802825878053445
180,80,0.11239944408836486
180,179,0.10435851098597787
180,181,0.10205565734362249
180,280,0.09266175338414129
181,81,0.11321021262365724
181,180,0.10205565734362249
181,182,0.10493046467858458
181,281,0.09255748986709189
182,82,0.11908598650529179
182,181,0.10493046467858458
182,183,0.11277850739477976
182,282,0.09758657972900642
183,83,0.12974573238617168
183,182,0.11277850739477976
183,184,0.12525166805694324
183,283,0.10747122897664302
184,84,0.1447707458058028
184,183,0.12525166805694324
184,185,0.14187433686044487
184,284,0.12179849630441025
185,85,0.16362332147585695
185,184,0.14187433686044487
185,186,0.1620643903318774
185,285,0.14003913707929463
186,86,0.18566986358682497
186,185,0.1620643903318774
186,187,0.1851579810498895
186,286,0.16157065509748747
187,87,0.21020737741022005
187,186,0.1851579810498895
187,188,0.21043700711797042
187,287,0.18570350348190515
188,88,0.23649213948302922
188,187,0.21043700711797042
188,189,0.23715802100993721
188,288,0.21170924589247503
189,89,0.26376925711338395
189,188,0.23715802100993721
189,190,0.26458128743271236
189,289,0.23884941562264533
190,90,0.29130180294237795
190,189,0.26458128743271236
190,191,0.29199871126877763
190,290,0.2664037965635364
191,91,0.3183982478798554
191,190,0.29199871126877763
191,192,0.31875942867900775
191,291,0.2936968968667616
192,92,0.3444370138224373
192,191,0.31875942867900775
192,193,0.34429198325196014
192,292,0.32012149086001473
193,93,0.3688871210575526
193,192,0.34429198325196014
193,194,0.36812218803336205
193,293,0.3451582619182296
194,94,0.3913241062876328
194,193,0.36812218803336205
194,195,0.38988599421894055
194,294,0.36839078051267626
195,95,0.4114406255361446
195,194,0.38988599421894055
195,196,0.4093369370740737
195,295,0.38951528729707163
196,96,0.4290514197396465
196,195,0.4093369370740737
196,197,0.42634799662577516
196,296,0.4083450089139017
197,97,0.44409259628155795
197,196,0.42634799662577516
197,198,0.4409079814171497
197,297,0.4248090012208783
198,98,0.4566154532383937
198,197,0.4409079814171497
198,199,0.4531128045640148
198,298,0.4389457774541169
199,99,0.46677533101656943
199,198,0.4531128045640148
199,299,0.4508922243593221
200,100,0.4095988582351847
200,201,0.4094178674725981
200,300,0.41618365210522706
201,101,0.4024115354329166
201,200,0.4094178674725981
201,202,0.40256489911782173
201,301,0.4102484521976266
202,102,0.39468633163527017
202,201,0.40256489911782173
202,203,0.3952816900264708
202,302,0.4036462008498931
203,103,0.38676375171885774
203,202,0.3952816900264708
203,204,0.38791954827099695
203,303,0.39672637495398744
204,104,0.37899474332437566
204,203,0.38791954827099695
204,205,0.3808364058130833
204,304,0.38985375850785414
205,105,0.37172864169181713
205,204,0.3808364058130833
205,206,0.3743845191520806
205,305,0.38339544804160647
206,106,0.3653016359988561
206,205,0.3743845191520806
206,207,0.3688987432704479
206,306,0.3777081364087971
207,107,0.3600260745679882
207,206,0.3688987432704479
207,208,0.36468570081148743
207,307,0.37312605339610255
208,108,0.3561808729324824
208,207,0.36468570081148743
208,209,0.3620141186124548
208,308,0.3699498998752535
209,109,0.3540032325161476
209,208,0.3620141186124548
209,210,0.36110655071319775
209,309,0.36843706378905255
210,110,0.35368182173257356
210,209,0.36110655071319775
210,211,0.362132653488564
210,310,0.36879335379000505
211,111,0.35535151834020684
211,210,0.362132653488564
211,212,0.3652041269229924
211,311,0.3711664322789558
212,112,0.3590897639985955
212,211,0.3652041269229924
212,213,0.37037138804321107
212,312,0.3756410760178378
213,113,0.36491454056454264
213,212,0.37037138804321107
213,214,0.3776219993402329
213,313,0.3822363410692104
214,114,0.37278394341871823
214,213,0.3776219993402329
214,215,0.3868808372207297
214,314,0.39090466070572305
215,115,0.3825972999806254
215,214,0.3868808372207297
215,216,0.3980119531209366
215,315,0.40153286079186856
216,116,0.39419776086264346
216,215,0.3980119531209366
216,217,0.41082205237319847
216,316,0.4139450371551284
217,117,0.4073762756114764
217,216,0.41082205237319847
217,218,0.42506549231810686
217,317,0.427907203420787
218,118,0.42187685309168466
218,217,0.42506549231810686
218,219,0.4404506803303023
218,318,0.44313358517331725
219,119,0.43740299649053976
219,218,0.4404506803303023
219,220,0.4566477331041783
219,319,0.4592944064412853
220,120,0.4536251928753061
220,219,0.4566477331041783
220,221,0.47329723952710434
220,320,0.4760249866562989
221,121,0.47018932561360827
221,220,0.47329723952710434
221,222,0.4900199497791312
221,321,0.4929359397780281
222,122,0.4867258635419983
222,221,0.4900199497791312
222,223,0.5064271923297758
222,322,0.5096242417931574
223,123,0.502859662817173
223,222,0.5064271923297758
223,224,0.522131798113707
223,323,0.525684908191774
224,124,0.5182201958059085
224,223,0.522131798113707
224,225,0.5367592877514067
224,324,0.5407229995954228
225,125,0.5324519967335055
225,224,0.5367592877514067
225,226,0.5499590541843757
225,325,0.5543656521746103
226,126,0.5452250873587312
226,225,0.5499590541843757
226,227,0.5614152509850894
226,326,0.5662738109811702
227,127,0.5562451195339793
227,226,0.5614152509850894
227,228,0.5708570777894396
227,327,0.5761533303254266
228,128,0.5652629475056208
228,227,0.5708570777894396
228,229,0.5780681410104055
228,328,0.5837650976111597
229,129,0.5720833239200727
229,228,0.5780681410104055
229,230,0.5828945626071365
229,329,0.5889338375051936
230,130,0.5765724025830401
230,229,0.5828945626071365
230,231,0.5852515145490462
230,330,0.5915552638497491
231,131,0.578663730854643
231,230,0.5852515145490462
231,232,0.5851278738354425
231,331,0.5916012690228686
232,132,0.578362427624072
232,231,0.5851278738354425
232,233,0.5825887241682166
232,332,0.5891228758468281
233,133,0.5757472710271803
233,232,0.5825887241682166
233,234,0.5777754766526795
233,333,0.5842507264312706
234,134,0.5709704646345919
234,233,0.5777754766526795
234,235,0.570903443445959
234,334,0.5771929456255572
235,135,0.5642549120129707
235,234,0.570903443445959
235,236,0.562256774390719
235,335,0.5682302933508196
236,136,0.5558889065742225
236,235,0.562256774390719
236,237,0.552180755684816
236,336,0.557708608420817
237,137,0.5462182346027828
237,236,0.552180755684816
237,238,0.5410715688715857
237,337,0.5460286440850302
238,138,0.5356357913251495
238,237,0.5410715688715857
238,239,0.529363714281847
238,338,0.5336334991283422
239,139,0.5245689188843963
239,238,0.529363714281847
239,240,0.5175154110968515
239,339,0.520993953877112
240,140,0.5134647862744931
240,239,0.5175154110968515
240,241,0.5059923913848339
240,340,0.5085921232329125
241,141,0.5027742392047831
241,240,0.5059923913848339
241,242,0.49525060236023377
241,341,0.4969039338366177
242,142,0.4929346466681272
242,241,0.49525060236023377
242,243,0.4857184141883364
242,342,0.48638101447392634
243,143,0.4843523547903925
243,242,0.4857184141883364
243,244,0.4777789945800459
243,343,0.4774326528299384
244,144,0.47738542174616194
244,243,0.4777789945800459
244,245,0.4717535513901111
244,344,0.4704085130853619
245,145,0.472327345171051
245,244,0.4717535513901111
245,246,0.46788615648530424
245,345,0.4655828237526207
246,146,0.4693925015829018
246,245,0.46788615648530424
246,247,0.4663308454492446
246,346,0.4631407307136307
247,147,0.4687039930970609
247,246,0.4663308454492446
247,248,0.4671416367637802
247,347,0.46316746501926276
248,148,0.47028453893546457
248,247,0.4671416367637802
248,249,0.4702660310195914
248,348,0.4656408984420509
249,149,0.4740509582994009
249,248,0.4702660310195914
249,250,0.4755424371689063
249,349,0.470427953372897
250,150,0.4798126692622783
250,249,0.4755424371689063
250,251,0.4827018322057541
250,350,0.4772852003262613
251,151,0.48727447933846235
251,250,0.4827018322057541
251,252,0.4913737978903111
251,351,0.48586382049835364
252,152,0.4960437728229201
252,251,0.4913737978903111
252,253,0.5010968995849221
252,352,0.4957189383322927
253,153,0.5056420148253156
253,252,0.5010968995849221
253,254,0.5113331854641074
253,353,0.5063231468808651
254,154,0.515520300226924
254,253,0.5113331854641074
254,255,0.5214863976572475
254,354,0.5170838648020935
255,155,0.5250784864219874
255,254,0.5214863976572475
255,256,0.5309233090830611
255,355,0.5273639864843065
256,156,0.5336872708610843
256,255,0.5309233090830611
256,257,0.5389974396545065
256,356,0.5365051246122257
257,157,0.5407124171654194
257,256,0.5389974396545065
257,258,0.5450742715464831
257,357,0.5438526056904016
258,158,0.5455402054022871
258,257,0.5450742715464831
258,259,0.5485569828130108
258,358,0.548781271140203
259,159,0.5476030904159288
259,258,0.5485569828130108
259,260,0.5489116579917157
259,359,0.5507210659420455
260,160,0.5464045028186223
260,259,0.5489116579917157
260,261,0.5456909179381675
260,360,0.5491813682504303
261,161,0.5415417244358585
261,260,0.5456909179381675
261,262,0.5385549415121678
261,361,0.5437730299866523
262,162,0.5327258156064179
262,261,0.5385549415121678
262,263,0.5272889292340772
262,362,0.5342271610843348
263,163,0.5197976653927452
263,262,0.5272889292340772
263,264,0.5118161817056814
263,363,0.5204097976196271
264,164,0.5027393747161151
264,263,0.5118161817056814
264,265,0.49220612924991747
264,364,0.502331743095356
265,165,0.4816803616375373
265,264,0.49220612924991747
265,266,0.4686768475432176
265,365,0.4801530571529542
266,166,0.4568977902691216
266,265,0.4686768475432176
266,267,0.4415918187908776
266,366,0.4541818795385587
267,167,0.42881116109588024
267,266,0.4415918187908776
267,268,0.41145093950124945
267,367,0.4248675102321148
268,168,0.3979711503539587
268,267,0.41145093950124945
268,269,0.37887602333532056
268,368,0.39278790904129246
269,169,0.3650430381384267
269,268,0.37887602333532056
269,270,0.3445912894552903
269,369,0.3586320187155939
270,170,0.33078530729126476
270,269,0.3445912894552903
270,271,0.3093995518564182
270,370,0.3231775435910657
271,171,0.29602421621841163
271,270,0.3093995518564182
271,272,0.27415502247194595
271,371,0.28726502011013844
272,172,0.2616253377420818
272,271,0.27415502247194595
272,273,0.23973380061974936
272,372,0.2517691863316391
273,173,0.22846320337840587
273,272,0.23973380061974936
273,274,0.20700323544741273
273,373,0.21756878620164682
274,174,0.19739029034214028
274,273,0.20700323544741273
274,275,0.17679141031223183
274,374,0.1855160241894665
275,175,0.16920663167668815
275,274,0.17679141031223183
275,276,0.14985800477786848
275,375,0.15640691241139232
276,176,0.14463131531589707
276,275,0.14985800477786848
276,277,0.12686774001393378
276,376,0.13095372355369045
277,177,0.12427706548978554
277,276,0.12686774001393378
277,278,0.10836750846325513
277,377,0.10976067937481615
278,178,0.10862897238538588
278,277,0.10836750846325513
278,279,0.0947681329928654
278,378,0.09330386956319942
279,179,0.09802825878053445
279,278,0.0947681329928654
279,280,0.08633150117869787
279,379,0.08191621501887045
280,180,0.09266175338414129
280,279,0.08633150117869787
280,281,0.0831635859076107
280,380,0.07577807125456984
281,181,0.09255748986709189
281,280,0.0831635859076107
281,282,0.08521360491751373
281,381,0.07491382151943515
282,182,0.09758657972900642
282,281,0.08521360491751373
282,283,0.09227930131086969
282,382,0.0791945468165469
283,183,0.10747122897664302
283,282,0.09227930131086969
283,284,0.10401805722411003
283,383,0.08834659348360487
284,184,0.12179849630441025
284,283,0.10401805722411003
284,285,0.11996329652325999
284,384,0.10196560099048418
285,185,0.14003913707929463
285,284,0.11996329652325999
285,286,0.13954540184490472
285,385,0.11953531530230505
286,186,0.16157065509748747
286,285,0.13954540184490472
286,287,0.1621161775295031
286,386,0.14045030784042234
287,187,0.18570350348190515
287,286,0.1621161775295031
287,288,0.18697574225640978
287,387,0.1640415565110858
288,188,0.21170924589247503
288,287,0.18697574225640978
288,289,0.21340064050518315
288,388,0.1896037312148238
289,189,0.23884941562264533
289,288,0.21340064050518315
289,290,0.24067192475346944
289,389,0.21642296704051034
290,190,0.2664037965635364
290,289,0.24067192475346944
290,291,0.26810198216152037
290,390,0.24380390663762674
291,191,0.2936968968667616
291,290,0.26810198216152037
291,292,0.2950589590477686
291,391,0.271094848865599
292,192,0.32012149086001473
292,291,0.2950589590477686
292,293,0.32098776952628416
292,392,0.2977099507240344
293,193,0.3451582619182296
293,292,0.32098776952628416
293,294,0.3454268543975439
293,393,0.3231475880680358
294,194,0.36839078051267626
294,293,0.3454268543975439
294,295,0.3680200735908074
294,394,0.34700417960097696
295,195,0.38951528729707163
295,294,0.3680200735908074
295,296,0.3885233591368996
295,395,0.3689830080114095
296,196,0.4083450089139017
296,295,0.3885233591368996
296,297,0.40680601350900475
296,396,0.3888978202980927
297,197,0.4248090012208783
297,296,0.40680601350900475
297,298,0.42284679725784546
297,397,0.4066712438345939
298,198,0.4389457774541169
298,297,0.42284679725784546
298,299,0.43672519724942416
298,398,0.4223283028380005
299,199,0.4508922243593221
299,298,0.43672519724942416
299,399,0.43598554930161304
300,200,0.41618365210522706
300,301,0.41701423683025557
300,400,0.423526201651394
301,201,0.4102484521976266
301,300,0.41701423683025557
301,302,0.41132975392969795
301,401,0.4187825273923652
302,202,0.4036462008498931
302,301,0.41132975392969795
302,303,0.4050908857774097
302,402,0.41324483668609036
303,203,0.39672637495398744
303,302,0.4050908857774097
303,304,0.39866058519084463
303,403,0.4072721915669433
304,204,0.38985375850785414
304,303,0.39866058519084463
304,305,0.3924128007363773
304,404,0.40124375661284284
305,205,0.38339544804160647
305,304,0.3924128007363773
305,306,0.3867190652983229
305,405,0.3955447662996383
306,206,0.3777081364087971
306,305,0.3867190652983229
306,307,0.38193544653445166
306,406,0.39055252971980936
307,207,0.37312605339610255
307,306,0.38193544653445166
307,308,0.3783902524598686
307,407,0.38662292071913074
308,208,0.3699498998752535
308,307,0.3783902524598686
308,309,0.3763728450518513
308,408,0.3840777709647773
309,209,0.36843706378905255
309,308,0.3763728450518513
309,310,0.37612386686585986
309,409,0.3831935418308672
310,210,0.36879335379000505
310,309,0.37612386686585986
310,311,0.37782713258039685
310,410,0.38419160050136936
311,211,0.3711664322789558
311,310,0.37782713258039685
311,312,0.3816033813738011
311,411,0.3872303686198987
312,212,0.3756410760178378
312,311,0.3816033813738011
312,313,0.38750602904383713
312,412,0.39239955036126756
313,213,0.3822363410692104
313,312,0.38750602904383713
313,314,0.3955190024347006
313,413,0.3997165829893373
314,214,0.39090466070572305
314,313,0.3955190024347006
314,315,0.405556684276862
314,414,0.4091253885852554
315,215,0.40153286079186856
315,314,0.405556684276862
315,316,0.4174659448260605
315,415,0.4204974421806621
316,216,0.4139450371551284
316,315,0.4174659448260605
316,317,0.431030188202717
316,416,0.43363511021652834
317,217,0.427907203420787
317,316,0.431030188202717
317,318,0.4459752962759974
317,417,0.4482771549944783
318,218,0.44313358517331725
318,317,0.4459752962759974
318,319,0.4619773112843002
318,418,0.46410624627863895
319,219,0.4592944064412853
319,318,0.4619773112843002
319,320,0.47867165999340583
319,419,0.48075827094619333
320,220,0.4760249866562989
320,319,0.47867165999340583
320,321,0.4956636869072225
320,420,0.4978331859673867
321,221,0.4929359397780281
321,320,0.4956636869072225
321,322,0.5125402317920542
321,421,0.5149071193771387
322,222,0.5096242417931574
322,321,0.5125402317920542
322,323,0.5288819576551553
322,422,0.5315453886696186
323,223,0.525684908191774
323,322,0.5288819576551553
323,324,0.5442761096734898
323,423,0.5473160766823367
324,224,0.5407229995954228
324,323,0.5442761096734898
324,325,0.5583293640186264
324,424,0.5618037821437885
325,225,0.5543656521746103
325,324,0.5583293640186264
325,326,0.5706804089714048
325,425,0.5746231463870991
326,226,0.5662738109811702
326,325,0.5706804089714048
326,327,0.5810118903215076
326,426,0.5854317501605716
327,227,0.5761533303254266
327,326,0.5810118903215076
327,328,0.5890613501471467
327,427,0.5939419759639699
328,228,0.5837650976111597
328,327,0.5890613501471467
328,329,0.5946307941059478
328,428,0.5999314429004129
329,229,0.5889338375051936
329,328,0.5946307941059478
329,330,0.5975945387478062
329,429,0.6032516435870365
330,230,0.5915552638497491
330,329,0.5975945387478062
330,331,0.5979050183235715
330,430,0.6038344469725323
331,231,0.5916012690228686
331,330,0.5979050183235715
331,332,0.5955962710342542
331,431,0.6016961774419353
332,232,0.5891228758468281
332,331,0.5955962710342542
332,333,0.5907848781098819
332,432,0.596939039426525
333,233,0.5842507264312706
333,332,0.5907848781098819
333,334,0.5836681954041483
333,433,0.5897497274554455
334,234,0.5771929456255572
334,333,0.5836681954041483
334,335,0.5745197955304178
334,434,0.580395143174917
335,235,0.5682302933508196
335,334,0.5745197955304178
335,336,0.5636821273809178
335,435,0.5692152316668545
336,236,0.557708608420817
336,335,0.5636821273809178
336,337,0.5515564968210313
336,436,0.5566130471039155
337,237,0.5460286440850302
337,336,0.5515564968210313
337,338,0.5385905743417867
337,437,0.5430422594226714
338,238,0.5336334991283422
338,337,0.5385905743417867
338,339,0.5252637387236073
338,438,0.5289924157446318
339,239,0.520993953877112
339,338,0.5252637387236073
339,340,0.512070666013173
339,439,0.5149723687250833
340,240,0.5085921232329125
340,339,0.512070666013173
340,341,0.4995036656846963
340,440,0.5014923745496427
341,241,0.4969039338366177
341,340,0.4995036656846963
341,342,0.48803434595031026
341,441,0.48904544149505647
342,242,0.48638101447392634
342,341,0.48803434595031026
342,343,0.47809525311552836
342,442,0.4780885714893883
343,243,0.4774326528299384
343,342,0.47809525311552836
343,344,0.4700621713352544
343,443,0.4690245779475991
344,244,0.4704085130853619
344,343,0.4700621713352544
344,345,0.46423778544787153
344,444,0.46218517989769536
345,245,0.4655828237526207
345,344,0.46423778544787153
345,346,0.46083739798094714
345,445,0.4578160624335807
346,246,0.4631407307136307
346,345,0.46083739798094714
346,347,0.4599773502836489
346,446,0.45606455523192635
347,247,0.46316746501926276
347,346,0.4599773502836489
347,348,0.4616667266975335
347,447,0.45697051383484844
348,248,0.4656408984420509
348,347,0.4616667266975335
348,349,0.4658028207953565
348,448,0.460460893514832
349,249,0.470427953372897
349,348,0.4658028207953565
349,350,0.472170716530252
349,449,0.4663483850520562
350,250,0.4772852003262613
350,349,0.472170716530252
350,351,0.4804471886188608
350,450,0.47433433926771373
351,251,0.48586382049835364
351,350,0.4804471886188608
351,352,0.49020896094033517
351,451,0.4840160475397662
352,252,0.4957189383322927
352,351,0.49020896094033517
352,353,0.5009451856282358
352,452,0.4948982747633312
353,253,0.5063231468808651
353,352,0.5009451856282358
353,354,0.5120738262188511
353,453,0.5064087661801754
354,254,0.5170838648020935
354,353,0.5120738262188511
354,355,0.5229614536291525
354,454,0.5179172776702712
355,255,0.5273639864843065
355,354,0.5229614536291525
355,356,0.5329458020134712
355,455,0.5287575182265558
356,256,0.5365051246122257
356,355,0.5329458020134712
356,357,0.5413602906481207
356,456,0.5382512510836954
357,257,0.5438526056904016
357,356,0.5413602906481207
357,358,0.5475596052841216
357,457,0.5457336835323563
358,258,0.548781271140203
358,357,0.5475596052841216
358,359,0.5509453542692377
358,458,0.5505791911631325
359,259,0.5507210659420455
359,358,0.5509453542692377
359,360,0.5509907762007602
359,459,0.5522263752894676
360,260,0.5491813682504303
360,359,0.5509907762007602
360,361,0.5472634802989153
360,460,0.5502014462293369
361,261,0.5437730299866523
361,360,0.5472634802989153
361,362,0.5394452495588193
361,461,0.5441389618609099
362,262,0.5342271610843348
362,361,0.5394452495588193
362,363,0.5273480294698847
362,462,0.5337990303679334
363,263,0.5204097976196271
363,362,0.5273480294698847
363,364,0.5109253590093018
363,463,0.5190802063192488
364,264,0.502331743095356
364,363,0.5109253590093018
364,365,0.49027867099839284
364,464,0.5000274661709735
365,265,0.4801530571529542
365,364,0.49027867099839284
365,366,0.4656580891482954
365,465,0.4768348370715415
366,266,0.4541818795385587
366,365,0.4656580891482954
366,367,0.4374575709797959
366,466,0.44984246398516636
367,267,0.4248675102321148
367,366,0.4374575709797959
367,368,0.4062044797721578
367,467,0.4195281257969511
368,268,0.39278790904129246
368,367,0.4062044797721578
368,369,0.3725439044215658
368,468,0.38649344144972975
369,269,0.3586320187155939
369,368,0.3725439044215658
369,370,0.3372182728513693
369,469,0.3514452320190573
370,270,0.3231775435910657
370,369,0.3372182728513693
370,371,0.3010430118447859
370,470,0.315172713676095
371,271,0.28726502011013844
371,370,0.3010430118447859
371,372,0.26487918396983157
371,471,0.27852137992147297
372,272,0.2517691863316391
372,371,0.26487918396983157
372,373,0.22960417191353655
372,472,0.24236458047326298
373,273,0.21756878620164682
373,372,0.22960417191353655
373,374,0.1960815749437006
373,473,0.20757391136131947
374,274,0.1855160241894665
374,373,0.1960815749437006
374,375,0.16513152628862698
374,474,0.17498959053881857
375,275,0.15640691241139232
375,374,0.16513152628862698
375,376,0.13750263118721429
375,475,0.14539200221885962
376,276,0.13095372355369045
376,375,0.13750263118721429
376,377,0.11384666291457282
376,476,0.11947555006839825
377,277,0.10976067937481615
377,376,0.11384666291457282
377,378,0.09469704047476042
377,477,0.09782586567102546
378,278,0.09330386956319942
378,377,0.09469704047476042
378,379,0.08045195158920444
378,478,0.08090127804922714
379,279,0.08191621501887045
379,378,0.08045195158920444
379,380,0.07136278509474242
379,479,0.06901926853532603
380,280,0.07577807125456984
380,379,0.07136278509474242
380,381,0.0675283068663943
380,480,0.06234842093382285
381,281,0.07491382151943515
381,380,0.0675283068663943
381,382,0.06889476341846833
381,481,0.06090613941288127
382,282,0.0791945468165469
382,381,0.06889476341846833
382,383,0.07526183898928208
382,482,0.0645621567842658
383,283,0.08834659348360487
383,382,0.07526183898928208
383,384,0.08629413724997903
383,483,0.07304760534255453
384,284,0.10196560099048418
384,383,0.08629413724997903
384,385,0.10153761976952923
384,484,0.08596918291697657
385,285,0.11953531530230505
385,384,0.10153761976952923
385,386,0.12044022129782264
385,485,0.10282772946719419
386,286,0.14045030784042234
386,385,0.12044022129782264
386,387,0.14237568682200502
386,486,0.12304034463795693
387,287,0.1640415565110858
387,386,0.14237568682200502
387,388,0.1666695454694998
387,487,0.145965032859858
388,288,0.1896037312148238
388,387,0.1666695454694998
388,389,0.19262605775015096
388,488,0.17092676655975775
389,289,0.21642296704051034
389,388,0.19262605775015096
389,390,0.21955494892466765
389,489,0.19724381422715348
390,290,0.24380390663762674
390,389,0.21955494892466765
390,391,0.24679677334170536
390,490,0.22425319033057323
391,291,0.271094848865599
391,390,0.24679677334170536
391,392,0.2737458405418648
391,491,0.2513341476023096
392,292,0.2977099507240344
392,391,0.2737458405418648
392,393,0.2998697692657859
392,492,0.27792874560556124
393,293,0.3231475880680358
393,392,0.2998697692657859
393,394,0.32472491327146885
393,493,0.3035586869077299
394,294,0.34700417960097696
394,393,0.32472491327146885
394,395,0.3479671140215791
394,494,0.32783780558753617
395,295,0.3689830080114095
395,394,0.3479671140215791
395,396,0.3693574691726026
395,495,0.35047981242245874
396,296,0.3888978202980927
396,395,0.3693574691726026
396,397,0.3887630506236819
396,496,0.37130113589157954
397,297,0.4066712438345939
397,396,0.3887630506236819
397,398,0.4061527494147489
397,497,0.3902189363376689
398,298,0.4223283028380005
398,397,0.4061527494147489
398,399,0.4215886548901894
