u,v,cost
0,100,0.456993384302819
0,1,0.46517874741597415
100,0,0.456993384302819
100,200,0.44855261786898243
100,101,0.45640775184713755
200,100,0.44855261786898243
200,300,0.44124183472469436
200,201,0.4487059869125349
300,200,0.44124183472469436
300,400,0.43516437812116715
300,301,0.4421850322694033
400,300,0.43516437812116715
400,500,0.43040522274777393
400,401,0.43693902266095985
500,400,0.43040522274777393
500,600,0.42702948910883326
500,501,0.43304291072723544
600,500,0.42702948910883326
600,700,0.42508140796181637
600,601,0.4305511666779528
700,600,0.42508140796181637
700,800,0.4245837523972889
700,701,0.4294969400926403
800,700,0.4245837523972889
800,900,0.4255377423400523
800,801,0.42989169637341695
900,800,0.4255377423400523
900,1000,0.42792341351282825
900,901,0.4317253274700276
1000,900,0.42792341351282825
1000,1100,0.43170043059581253
1000,1001,0.4349667237989743
1100,1000,0.43170043059581253
1100,1200,0.4368093127884715
1100,1101,0.43956478215343947
1200,1100,0.4368093127884715
1200,1300,0.4431730295583536
1200,1201,0.4454498131920089
1300,1200,0.4431730295583536
1300,1400,0.45069891533362033
1300,1301,0.45253530211532267
1400,1300,0.45069891533362033
1400,1500,0.45928084450528606
1400,1401,0.46071996766443113
1500,1400,0.45928084450528606
1500,1600,0.4688016025443723
1500,1501,0.4698900578290861
1600,1500,0.4688016025443723
1600,1700,0.47913538544435685
1600,1601,0.4799218158109909
1700,1600,0.47913538544435685
1700,1800,0.49015035814633756
1700,1701,0.49068404696021417
1800,1700,0.49015035814633756
1800,1900,0.5017112031073039
1800,1801,0.502040716645274
1900,1800,0.5017112031073039
1900,2000,0.5136815926831695
1900,1901,0.5138535103191408
2000,1900,0.5136815926831695
2000,2100,0.5259265234103884
2000,2001,0.5259842903333865
2100,2000,0.5259265234103884
2100,2200,0.538314456419765
2100,2101,0.5382973892008848
2200,2100,0.538314456419765
2200,2300,0.5507192158896722
2200,2201,0.5506616858293953
2300,2200,0.5507192158896722
2300,2400,0.5630216063859692
2300,2301,0.5629524195112878
2400,2300,0.5630216063859692
2400,2500,0.5751107198497458
2400,2401,0.5750527058849987
2500,2400,0.5751107198497458
2500,2600,0.5868849135627592
2500,2501,0.5868547293757265
2600,2500,0.5868849135627592
2600,2700,0.5982524513090375
2600,2601,0.5982605974480376
2700,2600,0.5982524513090375
2700,2800,0.6091318108186949
2700,2701,0.6091828530206345
2800,2700,0.6091318108186949
2800,2900,0.6194516710902875
2800,2801,0.6195446522608505
2900,2800,0.6194516710902875
2900,3000,0.6291506030196725
2900,2901,0.6292796253593821
3000,2900,0.6291506030196725
3000,3100,0.6381764956195318
3000,3001,0.6383314474689245
3100,3000,0.6381764956195318
3100,3200,0.6464857577312462
3100,3101,0.6466531554866408
3200,3100,0.6464857577312462
3200,3300,0.6540423412877295
3200,3201,0.6542062535193893
3300,3200,0.6540423412877295
3300,3400,0.660816636708057
3300,3301,0.6609596554862669
3400,3300,0.660816636708057
3400,3500,0.6667842937709652
3400,3401,0.6668885172293493
3500,3400,0.6667842937709652
3500,3600,0.6719250222594312
3500,3501,0.6719730126192076
3600,3500,0.6719250222594312
3600,3700,0.6762214257851171
3600,3601,0.6761971084128222
3700,3600,0.6762214257851171
3700,3800,0.6796579195396253
3700,3701,0.679547391062117
3800,3700,0.6796579195396253
3800,3900,0.6822197783848487
3800,3801,0.6820119953530541
3900,3800,0.6822197783848487
3900,4000,0.683892355844742
3900,3901,0.6835796798043093
4000,3900,0.683892355844742
4000,4100,0.6846605073996572
4000,4001,0.6842390873476836
4100,4000,0.6846605073996572
4100,4200,0.6845082432559855
4100,4101,0.6839782221707948
4200,4100,0.6845082432559855
4200,4300,0.6834186267442945
4200,4201,0.6827841649848253
4300,4200,0.6834186267442945
4300,4400,0.6813739249877658
4300,4301,0.680643039673851
4400,4300,0.6813739249877658
4400,4500,0.6783560087925073
4400,4401,0.6775402345950898
4500,4400,0.6783560087925073
4500,4600,0.6743469891592191
4500,4501,0.673460872049045
4600,4500,0.6743469891592191
4600,4700,0.6693300687125245
4600,4601,0.6683905099429319
4700,4600,0.6693300687125245
4700,4800,0.6632905779851517
4700,4701,0.6623160507381364
4800,4700,0.6632905779851517
4800,4900,0.6562171591491676
4800,4801,0.6552268246916267
4900,4800,0.6562171591491676
4900,5000,0.6481030536925081
4900,4901,0.6471158074327175
5000,4900,0.6481030536925081
5000,5100,0.6389474458923554
5000,5001,0.6379809262846066
5100,5000,0.6389474458923554
5100,5200,0.628756810887209
5100,5101,0.6278264056256229
5200,5100,0.628756810887209
5200,5300,0.6175462147954087
5200,5201,0.6166640991204246
5300,5200,0.6175462147954087
5300,5400,0.6053405147140303
5300,5301,0.6045147559160993
5400,5300,0.6053405147140303
5400,5500,0.5921754085479219
5400,5401,0.5914091689168572
5500,5400,0.5921754085479219
5500,5600,0.5780982883989074
5500,5501,0.5773891559928548
5600,5500,0.5780982883989074
5600,5700,0.5631688565720592
5600,5601,0.5625083293582916
5700,5600,0.5631688565720592
5700,5800,0.5474594699630019
5700,5701,0.5468326142343196
5800,5700,0.5474594699630019
5800,5900,0.5310551864676457
5800,5801,0.5304404851093731
5900,5800,0.5310551864676457
5900,6000,0.5140534958570968
5900,5901,0.5134228961978751
6000,5900,0.5140534958570968
6000,6100,0.49656372701039986
6000,6001,0.4958828918182947
6100,6000,0.49656372701039986
6100,6200,0.4787061332006537
6100,6101,0.4779348920777491
6200,6100,0.4787061332006537
6200,6300,0.4606106669793663
6200,6201,0.4597036591602043
6300,6200,0.4606106669793663
6300,6400,0.44241546579178015
6300,6301,0.4413229593588447
6400,6300,0.44241546579178015
6400,6500,0.4242650784826306
6400,6401,0.42293394546245655
6500,6400,0.4242650784826306
6500,6600,0.40630847103529905
6500,6501,0.4046832929046482
6600,6500,0.40630847103529905
6600,6700,0.3886968569717851
6600,6601,0.3867211309382518
6700,6600,0.3886968569717851
6700,6800,0.3715814036048114
6700,6701,0.3691988167597
6800,6700,0.3715814036048114
6800,6900,0.3551108695962001
6800,6801,0.352266605770993
6900,6800,0.3551108695962001
6900,7000,0.3394292319035663
6900,6901,0.336071274865052
7000,6900,0.3394292319035663
7000,7100,0.3246733611072254
7000,7001,0.320753757637318
7100,7000,0.3246733611072254
7100,7200,0.3109708032710498
7100,7101,0.3064468506980913
7200,7100,0.3109708032710498
7200,7300,0.2984377239289858
7200,7201,0.2932730487759751
7300,7200,0.2984377239289858
7300,7400,0.2871770655803856
7300,7301,0.2813425631068955
7400,7300,0.2871770655803856
7400,7500,0.2772769643503178
7400,7401,0.27075157279224005
7500,7400,0.2772769643503178
7500,7600,0.26880946440038495
7500,7501,0.26158075253024304
7600,7500,0.26880946440038495
7600,7700,0.26182956047725764
7600,7601,0.25389411256844835
7700,7600,0.26182956047725764
7700,7800,0.25637458991054857
7700,7701,0.24773817812258508
7800,7700,0.25637458991054857
7800,7900,0.25246398569580264
7800,7801,0.24314152612114986
7900,7800,0.25246398569580264
7900,8000,0.2500993923172731
7900,7901,0.24011468725158985
8000,7900,0.2500993923172731
8000,8100,0.2492651359825872
8000,8001,0.23865041120436561
8100,8000,0.2492651359825872
8100,8200,0.24992903126055954
8100,8101,0.23872428304175808
8200,8100,0.24992903126055954
8200,8300,0.252043497027436
8200,8201,0.2402956690614996
8300,8200,0.252043497027436
8300,8400,0.25554694640982667
8300,8301,0.24330896167007926
8400,8300,0.25554694640982667
8400,8500,0.26036540831102295
8400,8401,0.24769508489351538
8500,8400,0.26036540831102295
8500,8600,0.2664143323326742
8500,8501,0.2533732154704407
8600,8500,0.2664143323326742
8600,8700,0.27360052462566087
8600,8601,0.26025266919168527
8700,8600,0.27360052462566087
8700,8800,0.28182415954536716
8700,8701,0.26823489842633597
8800,8700,0.28182415954536716
8800,8900,0.29098081101980156
8800,8801,0.27721554471212717
8900,8800,0.29098081101980156
8900,9000,0.3009634482838044
8900,8901,0.28708648994169406
9000,8900,0.3009634482838044
9000,9100,0.31166434305537427
9000,9001,0.29773785104615813
9100,9000,0.31166434305537427
9100,9200,0.3229768392453281
9100,9101,0.3090598661107592
9200,9100,0.3229768392453281
9200,9300,0.33479694176414193
9200,9201,0.32094462444939276
9300,9200,0.33479694176414193
9300,9400,0.34702468773992157
9300,9301,0.3332875991632944
9400,9300,0.34702468773992157
9400,9500,0.3595652712697252
9400,9401,0.34598894791769175
9500,9400,0.3595652712697252
9500,9600,0.372329901441094
9500,9501,0.3589545558558225
9600,9500,0.372329901441094
9600,9700,0.3852363825053227
9600,9601,0.37209680346917356
9700,9600,0.3852363825053227
9700,9800,0.39820941446646124
9700,9701,0.38533505157143305
9800,9700,0.39820941446646124
9800,9900,0.41118062167127845
9800,9801,0.3985958449839866
9900,9800,0.41118062167127845
9900,9901,0.41181284583204203
1,0,0.46517874741597415
1,101,0.46459311496029265
1,2,0.47307675819887174
101,100,0.45640775184713755
101,1,0.46459311496029265
101,201,0.45656112089069
101,102,0.46474599881135303
201,200,0.4487059869125349
201,101,0.45656112089069
201,301,0.44964918445724383
201,202,0.4574739320694705
301,300,0.4421850322694033
301,201,0.44964918445724383
301,401,0.443959676809196
301,302,0.45137088003542125
401,400,0.43693902266095985
401,301,0.443959676809196
401,501,0.43957671064042136
401,402,0.4465298721070773
501,500,0.43304291072723544
501,401,0.43957671064042136
501,601,0.4365645882963549
501,502,0.44302484478658183
601,600,0.4305511666779528
601,501,0.4365645882963549
601,701,0.4349666988087767
601,602,0.44090927561637316
701,700,0.4294969400926403
701,601,0.4349666988087767
701,801,0.4348048840687683
701,702,0.4402152791606129
801,800,0.42989169637341695
801,701,0.4348048840687683
801,901,0.43607928150339226
801,802,0.44095318017731044
901,900,0.4317253274700276
901,801,0.43607928150339226
901,1001,0.4387686377561736
901,902,0.44311156614281655
1001,1000,0.4349667237989743
1001,901,0.4387686377561736
1001,1101,0.44283107535660116
1001,1002,0.4466578084323971
1101,1100,0.43956478215343947
1101,1001,0.44283107535660116
1101,1201,0.44820528255697684
1101,1102,0.45153902909767984
1201,1200,0.4454498131920089
1201,1101,0.44820528255697684
1201,1301,0.454812085748978
1201,1202,0.4576834786651266
1301,1300,0.45253530211532267
1301,1201,0.454812085748978
1301,1401,0.4625563544461335
1301,1302,0.46500228003219574
1401,1400,0.46071996766443113
1401,1301,0.4625563544461335
1401,1501,0.4713291809882312
1401,1402,0.47339148464469527
1501,1500,0.4698900578290861
1501,1401,0.4713291809882312
1501,1601,0.4810102710957047
1501,1502,0.48273437993923163
1601,1600,0.4799218158109909
1601,1501,0.4810102710957047
1601,1701,0.49147047732684823
1601,1602,0.49290398171530897
1701,1700,0.49068404696021417
1701,1601,0.49147047732684823
1701,1801,0.5025744054591508
1701,1702,0.5037656417913885
1801,1800,0.502040716645274
1801,1701,0.5025744054591508
1801,1901,0.514183023857111
1801,1802,0.5151797000659146
1901,1900,0.5138535103191408
1901,1801,0.514183023857111
1901,2001,0.5261562079693578
1901,1902,0.5270041109531265
2001,2000,0.5259842903333865
2001,1901,0.5261562079693578
2001,2101,0.5383551561238828
2001,2002,0.5390969770373917
2101,2100,0.5382973892008848
2101,2001,0.5383551561238828
2101,2201,0.5506446186105151
2101,2102,0.5513189275718708
2201,2200,0.5506616858293953
2201,2101,0.5506446186105151
2201,2301,0.562894889451011
2201,2202,0.5635352859646519
2301,2300,0.5629524195112878
2301,2201,0.562894889451011
2301,2401,0.5749835190103174
2301,2302,0.5756179784250354
2401,2400,0.5750527058849987
2401,2301,0.5749835190103174
2401,2501,0.5867967154109792
2401,2402,0.58744714521829
2501,2500,0.5868547293757265
2501,2401,0.5867967154109792
2501,2601,0.5982304132610048
2501,2502,0.5989124261982812
2601,2600,0.5982605974480376
2601,2501,0.5982304132610048
2601,2701,0.6091909991596345
2601,2602,0.6099139031280314
2701,2700,0.6091828530206345
2701,2601,0.6091909991596345
2701,2801,0.6195956944627901
2701,2702,0.6203626924176081
2801,2800,0.6195446522608505
2801,2701,0.6195956944627901
2801,2901,0.6293726065299452
2801,2802,0.6301811929613279
2901,2900,0.6292796253593821
2901,2801,0.6293726065299452
2901,3001,0.638460469808634
2901,2902,0.6393030044026243
3001,3000,0.6383314474689245
3001,2901,0.638460469808634
3001,3101,0.6468081073360334
3001,3002,0.6476725410720157
3101,3100,0.6466531554866408
3101,3001,0.6468081073360334
3101,3201,0.654373651274784
3101,3102,0.6552443757343291
3201,3200,0.6542062535193893
3201,3101,0.654373651274784
3201,3301,0.6611235677179268
3201,3202,0.6619823548836477
3301,3300,0.6609596554862669
3301,3201,0.6611235677179268
3301,3401,0.6670315360075592
3301,3302,0.6678585334189264
3401,3400,0.6668885172293493
3401,3301,0.6670315360075592
3401,3501,0.6720772360775916
3401,3402,0.6728519809496105
3501,3500,0.6719730126192076
3501,3401,0.6720772360775916
3501,3601,0.6762450987725985
3501,3502,0.6769475146024797
3601,3600,0.6761971084128222
3601,3501,0.6762450987725985
3601,3701,0.6795230736898221
3601,3602,0.6801344139691619
3701,3700,0.679547391062117
3701,3601,0.6795230736898221
3701,3801,0.6819014668755456
3701,3702,0.6824051727474458
3801,3800,0.6820119953530541
3801,3701,0.6819014668755456
3801,3901,0.6833718967725146
3801,3802,0.6837543387460653
3901,3900,0.6835796798043093
3901,3801,0.6833718967725146
3901,4001,0.683926411307251
3901,3902,0.6841774893551293
4001,4000,0.6842390873476836
4001,3901,0.683926411307251
4001,4101,0.6835568021188211
4001,4002,0.6836703834979985
4101,4100,0.6839782221707948
4101,4001,0.6835568021188211
4101,4201,0.6822541438996347
4101,4102,0.6822283236867066
4201,4200,0.6827841649848253
4201,4101,0.6822541438996347
4201,4301,0.6800085779143819
4201,4202,0.6798457533531691
4301,4300,0.680643039673851
4301,4201,0.6800085779143819
4301,4401,0.676809349281175
4301,4302,0.6765161054050546
4401,4400,0.6775402345950898
4401,4301,0.676809349281175
4401,4501,0.6726450978516274
4401,4402,0.6722319082634387
4501,4500,0.673460872049045
4501,4401,0.6726450978516274
4501,4601,0.667504392832758
4501,4502,0.6669851457972197
4601,4600,0.6683905099429319
4601,4501,0.667504392832758
4601,4701,0.6613764919685439
4601,4602,0.6607678578975272
4701,4700,0.6623160507381364
4701,4601,0.6613764919685439
4701,4801,0.6542522974446114
4701,4702,0.6535729592476365
4801,4800,0.6552268246916267
4801,4701,0.6542522974446114
4801,4901,0.6461254729751766
4801,4802,0.6453952454368548
4901,4900,0.6471158074327175
4901,4801,0.6461254729751766
4901,5001,0.636993680024816
4901,4902,0.6362325482109438
5001,5000,0.6379809262846066
5001,4901,0.636993680024816
5001,5101,0.6268598860178742
5001,5002,0.6260869955829056
5101,5100,0.6278264056256229
5101,5001,0.6268598860178742
5101,5201,0.6157336938588385
5101,5102,0.6149663279406354
5201,5200,0.6166640991204246
5201,5101,0.6157336938588385
5201,5301,0.603632640241115
5201,5202,0.602885218328649
5301,5300,0.6045147559160993
5301,5201,0.603632640241115
5301,5401,0.5905834101189262
5301,5302,0.5898665438444692
5401,5400,0.5914091689168572
5401,5301,0.5905834101189262
5401,5501,0.5766229163617901
5401,5402,0.5759425556160392
5501,5500,0.5773891559928548
5501,5401,0.5766229163617901
5501,5601,0.5617991969522389
5501,5502,0.5611558970987032
5601,5600,0.5625083293582916
5601,5501,0.5617991969522389
5601,5701,0.5461720870205522
5601,5602,0.545560424377604
5701,5700,0.5468326142343196
5701,5601,0.5461720870205522
5701,5801,0.529813629380691
5701,5702,0.5292217876597873
5801,5800,0.5304404851093731
5801,5701,0.529813629380691
5801,5901,0.5128081948396026
5801,5802,0.5122177400171339
5901,5900,0.5134228961978751
5901,5801,0.5128081948396026
5901,6001,0.495252292159073
5901,5902,0.49463814748051194
6001,6000,0.4958828918182947
6001,5901,0.495252292159073
6001,6101,0.47725405688564393
6001,6002,0.47658468353493244
6101,6100,0.4779348920777491
6101,6001,0.47725405688564393
6101,6201,0.4589324180372996
6101,6102,0.4581702006443261
6201,6200,0.4597036591602043
6201,6101,0.4589324180372996
6201,6301,0.44041595153968266
6201,6202,0.4395177813425909
6301,6300,0.4413229593588447
6301,6201,0.44041595153968266
6301,6401,0.4218414390295211
6301,6302,0.42075948135439667
6401,6400,0.42293394546245655
6401,6301,0.4218414390295211
6401,6501,0.40335215988447415
6401,6402,0.4020347868440235
6501,6500,0.4046832929046482
6501,6401,0.40335215988447415
6501,6601,0.385095952807601
6501,6502,0.38348881693168757
6601,6600,0.3867211309382518
6601,6501,0.385095952807601
6601,6701,0.36722309072616677
6601,6602,0.36527031078133476
6701,6700,0.3691988167597
6701,6601,0.36722309072616677
6701,6801,0.3498840189258816
6701,6702,0.3475294455962439
6801,6800,0.352266605770993
6801,6701,0.3498840189258816
6801,6901,0.3332270110398449
6801,6802,0.33041553753859965
6901,6900,0.336071274865052
6901,6801,0.3332270110398449
6901,7001,0.31739580059880373
6901,6902,0.3140746817383311
7001,7000,0.320753757637318
7001,6901,0.31739580059880373
7001,7101,0.3025272472281839
7001,7002,0.29864739004427754
7101,7100,0.3064468506980913
7101,7001,0.3025272472281839
7101,7201,0.2887490962030166
7101,7102,0.28426628591800607
7201,7200,0.2932730487759751
7201,7101,0.2887490962030166
7201,7301,0.27617788795388476
7201,7202,0.2710539148521911
7301,7300,0.2813425631068955
7301,7201,0.27617788795388476
7301,7401,0.2649170703187499
7301,7302,0.25912072594071267
7401,7400,0.27075157279224005
7401,7301,0.2649170703187499
7401,7501,0.2550553609721653
7401,7402,0.24856327581956894
7501,7500,0.26158075253024304
7501,7401,0.2550553609721653
7501,7601,0.24666540069830648
7501,7502,0.23946270027020888
7601,7600,0.25389411256844835
7601,7501,0.24666540069830648
7601,7701,0.2398027302137758
7601,7602,0.23188349151066073
7701,7700,0.24773817812258508
7701,7601,0.2398027302137758
7701,7801,0.23450511433318638
7701,7702,0.22587261081645807
7801,7800,0.24314152612114986
7801,7701,0.23450511433318638
7801,7901,0.23079222767693708
7801,7802,0.2214589568686631
7901,7900,0.24011468725158985
7901,7801,0.23079222767693708
7901,8001,0.22866570613868242
7901,7902,0.21865320040206276
8001,8000,0.23865041120436561
8001,7901,0.22866570613868242
8001,8101,0.2281095582635365
8001,8002,0.21744798562211226
8101,8100,0.23872428304175808
8101,8001,0.2281095582635365
8101,8201,0.2290909208426981
8101,8102,0.217818488781634
8201,8200,0.2402956690614996
8201,8101,0.2290909208426981
8201,8301,0.23156113370414283
8201,8202,0.21972331456341143
8301,8300,0.24330896167007926
8301,8201,0.23156113370414283
8301,8401,0.23545710015376792
8301,8302,0.22310570179742384
8401,8400,0.24769508489351538
8401,8301,0.23545710015376792
8401,8501,0.24070289205293313
8401,8402,0.22789500182629369
8501,8500,0.2533732154704407
8501,8401,0.24070289205293313
8501,8601,0.2472115523294518
8501,8502,0.23400838576574345
8601,8600,0.26025266919168527
8601,8501,0.2472115523294518
8601,8701,0.2548870429923603
8601,8602,0.24135273119855138
8701,8700,0.26823489842633597
8701,8601,0.2548870429923603
8701,8801,0.2636262835930959
8701,8702,0.24982663465819824
8801,8800,0.27721554471212717
8801,8701,0.2636262835930959
8801,8901,0.27332122363401967
8801,8802,0.259322493721971
8901,8900,0.28708648994169406
8901,8801,0.27332122363401967
8901,9001,0.2838608927040478
8901,8902,0.26972860171130003
9001,9000,0.29773785104615813
9001,8901,0.2838608927040478
9001,9101,0.2951333741015431
9001,9002,0.2809311989048449
9101,9100,0.3090598661107592
9101,9001,0.2951333741015431
9101,9201,0.3070276513148238
9101,9102,0.2928164267688849
9201,9200,0.32094462444939276
9201,9101,0.3070276513148238
9201,9301,0.31943528184854525
9201,9202,0.3052721359090973
9301,9300,0.3332875991632944
9301,9201,0.31943528184854525
9301,9401,0.33225185934106466
9301,9302,0.318189504107597
9401,9400,0.34598894791769175
9401,9301,0.33225185934106466
9401,9501,0.34537823250378896
9401,9402,0.3314644277438391
9501,9500,0.3589545558558225
9501,9401,0.34537823250378896
9501,9601,0.358721457883902
9501,9502,0.344998657883225
9601,9600,0.37209680346917356
9601,9501,0.358721457883902
9601,9701,0.3721954725352839
9601,9602,0.3587006610964521
9701,9700,0.38533505157143305
9701,9601,0.3721954725352839
9701,9801,0.3857214820889584
9701,9702,0.3724861943651421
9801,9800,0.3985958449839866
9801,9701,0.3857214820889584
9801,9901,0.3992280691447502
9801,9802,0.3862785929391689
9901,9900,0.41181284583204203
9901,9801,0.3992280691447502
9901,9902,0.400008779436425
2,1,0.47307675819887174
2,102,0.4732296420499321
2,3,0.481972580246117
102,101,0.46474599881135303
102,2,0.4732296420499321
102,202,0.4656588099901336
102,103,0.4741345612073895
202,201,0.4574739320694705
202,102,0.4656588099901336
202,302,0.459195627647648
202,203,0.4673423277988964
302,301,0.45137088003542125
302,202,0.459195627647648
302,402,0.4539410753333025
302,303,0.46170452757738445
402,401,0.4465298721070773
402,302,0.4539410753333025
402,502,0.4499780062532377
402,403,0.45731268817583803
502,501,0.44302484478658183
502,402,0.4499780062532377
502,602,0.4473695321066
502,503,0.4542393579849416
602,601,0.44090927561637316
602,502,0.4473695321066
602,702,0.44615785596820945
602,603,0.45253667780043577
702,701,0.4402152791606129
702,602,0.44615785596820945
702,802,0.44636357526915504
702,703,0.4522354138902339
802,801,0.44095318017731044
802,702,0.44636357526915504
802,902,0.4479854648167346
802,803,0.45334447022703583
902,901,0.44311156614281655
902,802,0.4479854648167346
902,1002,0.45100073681904
902,903,0.45585088458818623
1002,1001,0.4466578084323971
1002,902,0.45100073681904
1002,1102,0.4553657621734758
1002,1003,0.4597203002230361
1102,1101,0.45153902909767984
1102,1002,0.4553657621734758
1102,1202,0.46101722520582966
1102,1103,0.4648978922028397
1202,1201,0.4576834786651266
1202,1102,0.46101722520582966
1202,1302,0.46787367294834437
1202,1203,0.47130971575731817
1302,1301,0.46500228003219574
1302,1202,0.46787367294834437
1302,1402,0.47583741023075754
1302,1303,0.478864433197439
1402,1401,0.47339148464469527
1402,1302,0.47583741023075754
1402,1502,0.4847966835956958
1402,1403,0.4874553667219229
1502,1501,0.48273437993923163
1502,1402,0.4847966835956958
1502,1602,0.4946280905588359
1502,1503,0.49696281675746407
1602,1601,0.49290398171530897
1602,1502,0.4946280905588359
1602,1702,0.5051991461798493
1602,1603,0.5072565796902522
1702,1701,0.5037656417913885
1702,1602,0.5051991461798493
1702,1802,0.5163709363981523
1702,1703,0.518198595052765
1802,1801,0.5151797000659146
1802,1702,0.5163709363981523
1802,1902,0.52800078716193
1802,1803,0.5296456505178834
1902,1901,0.5270041109531265
1902,1802,0.52800078716193
1902,2002,0.5399448800211604
1902,1903,0.5414520734424051
2002,2001,0.5390969770373917
2002,1902,0.5399448800211604
2002,2102,0.5520607484853797
2002,2003,0.5534723401513792
2102,2101,0.5513189275718708
2102,2002,0.5520607484853797
2102,2202,0.5642095949260078
2102,2103,0.5655635385598692
2202,2201,0.5635352859646519
2202,2102,0.5642095949260078
2202,2302,0.5762583749386763
2202,2203,0.5775876259288448
2302,2301,0.5756179784250354
2302,2202,0.5762583749386763
2302,2402,0.588081604633008
2302,2303,0.5894134313340464
2402,2401,0.58744714521829
2402,2302,0.588081604633008
2402,2502,0.599562856005592
2402,2403,0.600918361532807
2502,2501,0.5989124261982812
2502,2402,0.599562856005592
2502,2602,0.6105959160653078
2502,2503,0.611989779048992
2602,2601,0.6099139031280314
2602,2502,0.6105959160653078
2602,2702,0.6210855963860049
2602,2603,0.6225260321376819
2702,2701,0.6203626924176081
2702,2602,0.6210855963860049
2702,2802,0.6309481909161458
2702,2703,0.6324371274985707
2802,2801,0.6301811929613279
2802,2702,0.6309481909161458
2802,2902,0.6401115908340071
2802,2803,0.6416450478326602
2902,2901,0.6393030044026243
2902,2802,0.6401115908340071
2902,3002,0.6485150756660061
2902,2903,0.6500837272364187
3002,3001,0.6476725410720157
3002,2902,0.6485150756660061
3002,3102,0.6561088094703114
3002,3003,0.6576987076708232
3102,3101,0.6552443757343291
3102,3002,0.6561088094703114
3102,3202,0.6628530793431926
3102,3103,0.664446509023001
3202,3201,0.6619823548836477
3202,3102,0.6628530793431926
3202,3302,0.6687173205846473
3202,3203,0.6702937533220392
3302,3301,0.6678585334189264
3302,3202,0.6687173205846473
3302,3402,0.6736789783609778
3302,3303,0.6752160902453871
3402,3401,0.6728519809496105
3402,3302,0.6736789783609778
3402,3502,0.6777222594744987
3402,3403,0.6791969759736116
3502,3501,0.6769475146024797
3502,3402,0.6777222594744987
3502,3602,0.680836829799043
3502,3503,0.6822263605875764
3602,3601,0.6801344139691619
3602,3502,0.680836829799043
3602,3702,0.6830165130267856
3602,3603,0.684299340478812
3702,3701,0.6824051727474458
3702,3602,0.6830165130267856
3702,3802,0.6842580446179654
3702,3703,0.6854148316448525
3802,3801,0.6837543387460653
3802,3702,0.6842580446179654
3802,3902,0.6845599313286801
3802,3803,0.6855743173093215
3902,3901,0.6841774893551293
3902,3802,0.6845599313286801
3902,4002,0.6839214615458771
3902,3903,0.6847807191411459
4002,4001,0.6836703834979985
4002,3902,0.6839214615458771
4002,4102,0.682341905065884
4002,4003,0.6830374356014743
4102,4101,0.6822283236867066
4102,4002,0.682341905065884
4102,4202,0.679819933140241
4102,4103,0.6803475838219648
4202,4201,0.6798457533531691
4202,4102,0.679819933140241
4202,4302,0.6763532808438419
4202,4203,0.6767134731571833
4302,4301,0.6765161054050546
4302,4202,0.6763532808438419
4302,4402,0.6719386643873182
4302,4303,0.6721363294338216
4402,4401,0.6722319082634387
4402,4302,0.6719386643873182
4402,4502,0.6665719562090309
4402,4403,0.6666162792423195
4502,4501,0.6669851457972197
4502,4402,0.6665719562090309
4502,4602,0.6602486108619889
4502,4503,0.6601525936997947
4602,4601,0.6607678578975272
4602,4502,0.6602486108619889
4602,4702,0.6529643251766198
4602,4603,0.6527441812799788
4702,4701,0.6535729592476365
4702,4602,0.6529643251766198
4702,4802,0.6447159072398798
4702,4703,0.6443903098745738
4802,4801,0.6453952454368548
4802,4702,0.6447159072398798
4802,4902,0.6355023206726218
4802,4803,0.6350915295250906
4902,4901,0.6362325482109438
4902,4802,0.6355023206726218
4902,5002,0.6253258637690333
4902,4903,0.6248507595248056
5002,5001,0.6260869955829056
5002,4902,0.6253258637690333
5002,5102,0.6141934375056669
5002,5003,0.6136744970845438
5102,5101,0.6149663279406354
5102,5002,0.6141934375056669
5102,5202,0.6021178524104461
5102,5103,0.6015740996909078
5202,5201,0.602885218328649
5202,5102,0.6021178524104461
5202,5302,0.5891191219320033
5202,5203,0.5885670898223121
5302,5301,0.5898665438444692
5302,5202,0.5891191219320033
5302,5402,0.5752256893415822
5302,5303,0.5746784289364231
5402,5401,0.5759425556160392
5402,5302,0.5752256893415822
5402,5502,0.5604755363529523
5402,5403,0.5599417076575522
5502,5501,0.5611558970987032
5502,5402,0.5604755363529523
5502,5602,0.5449171245240683
5502,5503,0.5444002008733795
5602,5601,0.545560424377604
5602,5502,0.5449171245240683
5602,5702,0.5286101250168393
5602,5603,0.5281077399404775
5702,5701,0.5292217876597873
5702,5602,0.5286101250168393
5702,5802,0.5116258982962303
5702,5703,0.5111293592870223
5802,5801,0.5122177400171339
5802,5702,0.5116258982962303
5802,5902,0.49404769265804327
5802,5803,0.4935416812281168
5902,5901,0.49463814748051194
5902,5802,0.49404769265804327
5902,6002,0.47597053885637136
5902,5903,0.47543301056863496
6002,6001,0.47658468353493244
6002,5902,0.47597053885637136
6002,6102,0.45750082729361463
6002,6003,0.45690311931612804
6102,6101,0.4581702006443261
6102,6002,0.45750082729361463
6102,6202,0.43875556394961734
6102,6103,0.43806271128718455
6202,6201,0.4395177813425909
6202,6102,0.43875556394961734
6202,6302,0.4198613111573049
6202,6203,0.4190325662675219
6302,6301,0.42075948135439667
6302,6202,0.4198613111573049
6302,6402,0.40095282916889907
6302,6303,0.39994237336911287
6402,6401,0.4020347868440235
6402,6302,0.40095282916889907
6402,6502,0.382171443891237
6402,6403,0.3809292730037832
6502,6501,0.38348881693168757
6502,6402,0.382171443891237
6502,6602,0.3636631749054213
6502,6503,0.3621361361555526
6602,6601,0.36527031078133476
6602,6502,0.3636631749054213
6602,6702,0.3455766656514119
6602,6603,0.34370961809333367
6702,6701,0.3475294455962439
6702,6602,0.3455766656514119
6702,6802,0.3280609642089619
6702,6703,0.3257980310564346
6802,6801,0.33041553753859965
6802,6702,0.3280609642089619
6802,6902,0.31126320823708586
6802,6803,0.3085490865359617
6902,6901,0.3140746817383311
6902,6802,0.31126320823708586
6902,7002,0.2953262711838049
6902,6903,0.2921075623745437
7002,7001,0.29864739004427754
7002,6902,0.2953262711838049
7002,7102,0.2803864287340997
7002,7003,0.2766129528700983
7102,7101,0.28426628591800607
7102,7002,0.2803864287340997
7102,7202,0.2665711045671806
7102,7103,0.26219716130259174
7202,7201,0.2710539148521911
7202,7102,0.2665711045671806
7202,7302,0.253996752839019
7202,7203,0.2489822937656931
7302,7301,0.25912072594071267
7302,7202,0.253996752839019
7302,7402,0.2427669314415317
7302,7303,0.23707861089223556
7402,7401,0.24856327581956894
7402,7302,0.2427669314415317
7402,7502,0.23297061511761255
7402,7403,0.22658269008227944
7502,7501,0.23946270027020888
7502,7402,0.23297061511761255
7502,7602,0.22468079108256317
7502,7503,0.21757584529597518
7602,7601,0.23188349151066073
7602,7502,0.22468079108256317
7602,7702,0.21795337211334304
7602,7603,0.2101228445293138
7702,7701,0.22587261081645807
7702,7602,0.21795337211334304
7702,7802,0.21282645335193479
7702,7703,0.2042709569609939
7802,7801,0.2214589568686631
7802,7702,0.21282645335193479
7802,7902,0.20931992959378878
7802,7803,0.20004935269104385
7902,7901,0.21865320040206276
7902,7802,0.20931992959378878
7902,8002,0.20743547988549263
7902,7903,0.19746886826307192
8002,8001,0.21744798562211226
8002,7902,0.20743547988549263
8002,8102,0.20715691614020978
8002,8003,0.19652214106839866
8102,8101,0.217818488781634
8102,8002,0.20715691614020978
8102,8202,0.20845088250234733
8102,8103,0.19718410557897842
8202,8201,0.21972331456341143
8202,8102,0.20845088250234733
8202,8302,0.21126788265669247
8202,8203,0.19941283445507924
8302,8301,0.22310570179742384
8302,8202,0.21126788265669247
8302,8402,0.2155436034699496
8302,8303,0.20315069822295845
8402,8401,0.22789500182629369
8402,8302,0.2155436034699496
8402,8502,0.22120049553910404
8402,8403,0.2083258086993536
8502,8501,0.23400838576574345
8502,8402,0.22120049553910404
8502,8602,0.228149564634843
8502,8503,0.21485370390923883
8602,8601,0.24135273119855138
8602,8502,0.228149564634843
8602,8702,0.23629232286438928
8602,8603,0.22263922612243797
8702,8701,0.24982663465819824
8702,8602,0.23629232286438928
8702,8802,0.2455228447870733
8702,8703,0.23157854000381223
8802,8801,0.259322493721971
8802,8702,0.2455228447870733
8802,8902,0.25572987179925144
8802,8803,0.24156123486474124
8902,8901,0.26972860171130003
8902,8802,0.25572987179925144
8902,9002,0.26679890791209715
8902,8903,0.25247245370379867
9002,9001,0.2809311989048449
9002,8902,0.26679890791209715
9002,9102,0.2786142515721867
9002,9003,0.2641949921620762
9102,9101,0.2928164267688849
9102,9002,0.2786142515721867
9102,9202,0.29106091136315837
9102,9103,0.27661131266989275
9202,9201,0.3052721359090973
9202,9102,0.29106091136315837
9202,9302,0.30402635816814905
9202,9203,0.28960542284979496
9302,9301,0.318189504107597
9302,9202,0.30402635816814905
9302,9402,0.31740207251037145
9302,9303,0.3030645725385348
9402,9401,0.3314644277438391
9402,9302,0.31740207251037145
9402,9502,0.3310848531232751
9402,9403,0.3168807304241743
9502,9501,0.344998657883225
9502,9402,0.3310848531232751
9502,9602,0.3449778610957751
9502,9503,0.3309518090487295
9602,9601,0.3587006610964521
9602,9502,0.3449778610957751
9602,9702,0.3589913829263103
9602,9603,0.34518261555265894
9702,9701,0.3724861943651421
9702,9602,0.3589913829263103
9702,9802,0.37304330521535256
9702,9703,0.3594855147593565
9802,9801,0.3862785929391689
9802,9702,0.37304330521535256
9802,9902,0.3870593032308437
9802,9803,0.37378080072221964
9902,9901,0.400008779436425
9902,9802,0.3870593032308437
9902,9903,0.38799678238167035
3,2,0.481972580246117
3,103,0.4828774994035744
3,4,0.4918355094047646
103,102,0.4741345612073895
103,3,0.4828774994035744
103,203,0.47581807901615236
103,104,0.48454035710699705
203,202,0.4673423277988964
203,103,0.47581807901615236
203,303,0.46985122772863286
203,204,0.4782755190124809
303,302,0.46170452757738445
303,203,0.46985122772863286
303,403,0.46507614041991996
303,304,0.4731475766594214
403,402,0.45731268817583803
403,303,0.46507614041991996
403,503,0.461574039907542
403,404,0.4692461874054948
503,502,0.4542393579849416
503,403,0.461574039907542
503,603,0.45940650367877733
503,504,0.4666421698554807
603,602,0.45253667780043577
603,503,0.45940650367877733
603,703,0.45861423572246024
603,604,0.46538601651463474
703,702,0.4522354138902339
703,603,0.45861423572246024
703,803,0.4592163088481147
703,704,0.4655068666589526
803,802,0.45334447022703583
803,703,0.4592163088481147
803,903,0.4612098899984874
803,804,0.4670119597479385
903,902,0.45585088458818623
903,803,0.4612098899984874
903,1003,0.4645704479921823
903,904,0.4698865766191559
1003,1002,0.4597203002230361
1003,903,0.4645704479921823
1003,1103,0.4692524302524
1003,1004,0.4740944625762657
1103,1102,0.4648978922028397
1103,1003,0.4692524302524
1103,1203,0.47519038275432823
1103,1104,0.47957871369099525
1203,1202,0.47130971575731817
1203,1103,0.47519038275432823
1203,1303,0.4823004760064128
1203,1204,0.48626309554889335
1303,1302,0.478864433197439
1303,1203,0.4823004760064128
1303,1403,0.49048238968860436
1303,1304,0.4940537526194708
1403,1402,0.4874553667219229
1403,1303,0.49048238968860436
1403,1503,0.4996214998836912
1403,1404,0.5028412567302727
1503,1502,0.49696281675746407
1503,1403,0.4996214998836912
1503,1603,0.5095913058888804
1503,1504,0.5125029350359733
1603,1602,0.5072565796902522
1603,1503,0.5095913058888804
1603,1703,0.5202560285631679
1603,1604,0.5229054116121031
1703,1702,0.518198595052765
1703,1603,0.5202560285631679
1703,1803,0.5314733091724959
1703,1704,0.5339072925268021
1803,1802,0.5296456505178834
1803,1703,0.5314733091724959
1803,1903,0.5430969367983585
1803,1804,0.5453619220511503
1903,1902,0.5414520734424051
1903,1803,0.5430969367983585
1903,2003,0.554979533572624
1903,1904,0.5571201375944845
2003,2002,0.5534723401513792
2003,1903,0.554979533572624
2003,2103,0.5669751302258685
2003,2004,0.569032952967776
2103,2102,0.5655635385598692
2103,2003,0.5669751302258685
2103,2203,0.5789415695627063
2103,2104,0.5809541035958301
2203,2202,0.5775876259288448
2203,2103,0.5789415695627063
2203,2303,0.590742682324215
2203,2204,0.5927423931692973
2303,2302,0.5894134313340464
2303,2203,0.590742682324215
2303,2403,0.6022501882338455
2303,2304,0.6042637887480218
2403,2402,0.600918361532807
2403,2303,0.6022501882338455
2403,2503,0.613345284576207
2403,2404,0.6153932202487022
2503,2502,0.611989779048992
2503,2403,0.613345284576207
2503,2603,0.623919895121366
2503,2504,0.626016050283441
2603,2602,0.6225260321376819
2603,2503,0.623919895121366
2603,2703,0.6338775632502476
2603,2604,0.6360291911425613
2703,2702,0.6324371274985707
2703,2603,0.6338775632502476
2703,2803,0.643133984415085
2703,2704,0.6453418569957354
2803,2802,0.6416450478326602
2803,2703,0.643133984415085
2803,2903,0.6516171842350718
2803,2804,0.6538759507707155
2903,2902,0.6500837272364187
2903,2803,0.6516171842350718
2903,3003,0.6592673592412359
2903,2904,0.6615660963103326
3003,3002,0.6576987076708232
3003,2903,0.6592673592412359
3003,3103,0.6660364072235128
3003,3004,0.668359336968735
3103,3102,0.664446509023001
3103,3003,0.6660364072235128
3103,3203,0.6718871830018474
3103,3104,0.6742145314714194
3203,3202,0.6702937533220392
3203,3103,0.6718871830018474
3203,3303,0.6767925229827789
3203,3204,0.6791014863457663
3303,3302,0.6752160902453871
3303,3203,0.6767925229827789
3303,3403,0.6807340878580208
3303,3304,0.6829998712841208
3403,3402,0.6791969759736116
3403,3303,0.6807340878580208
3403,3503,0.6837010770866894
3403,3404,0.6858979692312239
3503,3502,0.6822263605875764
3503,3403,0.6837010770866894
3503,3603,0.6856888712673453
3503,3504,0.6877913166454139
3603,3602,0.684299340478812
3603,3503,0.6856888712673453
3603,3703,0.686697659096879
3603,3604,0.6886812911783164
3703,3702,0.6854148316448525
3703,3603,0.686697659096879
3703,3803,0.6867311043362087
3703,3704,0.6885737039192084
3803,3802,0.6855743173093215
3803,3703,0.6867311043362087
3803,3903,0.6857951051217873
3803,3804,0.6874774513855142
3903,3902,0.6847807191411459
3903,3803,0.6857951051217873
3903,4003,0.6838966931967432
3903,3904,0.6854032786955608
4003,4002,0.6830374356014743
4003,3903,0.6838966931967432
4003,4103,0.6810431143575552
4003,4004,0.6823626999741148
4103,4102,0.6803475838219648
4103,4003,0.6810431143575552
4103,4203,0.6772411238389072
4103,4104,0.6783671152058073
4203,4202,0.6767134731571833
4203,4103,0.6772411238389072
4203,4303,0.6724965217471632
4203,4204,0.6734271547006124
4303,4302,0.6721363294338216
4303,4203,0.6724965217471632
4303,4403,0.6668139442888229
4303,4304,0.667552273339586
4403,4402,0.6666162792423195
4403,4303,0.6668139442888229
4403,4503,0.6601969167330833
4403,4404,0.660750607126326
4503,4502,0.6601525936997947
4503,4403,0.6601969167330833
4503,4603,0.6526481641177846
4503,4504,0.6530290945964143
4603,4602,0.6527441812799788
4603,4503,0.6526481641177846
4603,4703,0.6441701659779329
4603,4604,0.6443938556580932
4703,4702,0.6443903098745738
4703,4603,0.6441701659779329
4703,4803,0.6347659321597847
4703,4704,0.6348508107752971
4803,4802,0.6350915295250906
4803,4703,0.6347659321597847
4803,4903,0.6244399683772743
4803,4804,0.6244065143697182
4903,4902,0.6248507595248056
4903,4803,0.6244399683772743
4903,5003,0.6131993928403161
4903,4904,0.6130691682009397
5003,5002,0.6136744970845438
5003,4903,0.6131993928403161
5003,5103,0.6010551592697847
5003,5004,0.6008497735416477
5103,5102,0.6015740996909078
5103,5003,0.6010551592697847
5103,5203,0.5880233371027738
5103,5104,0.5877633754187273
5203,5202,0.5885670898223121
5203,5103,0.5880233371027738
5203,5303,0.5741263968267318
5203,5204,0.5738303482159899
5303,5302,0.5746784289364231
5303,5203,0.5741263968267318
5303,5403,0.5593944472523931
5303,5304,0.5590776696551327
5403,5402,0.5599417076575522
5403,5303,0.5593944472523931
5403,5503,0.5438663721779793
5403,5404,0.5435401296591477
5503,5502,0.5444002008733795
5503,5403,0.5438663721779793
5503,5603,0.5275908162897887
5503,5504,0.5272614218715266
5603,5602,0.5281077399404775
5603,5503,0.5275908162897887
5603,5703,0.5106269742106605
5603,5604,0.5102950686136905
5703,5702,0.5111293592870223
5703,5603,0.5106269742106605
5703,5803,0.4930451422189087
5703,5704,0.4927051347157978
5803,5802,0.4935416812281168
5803,5703,0.4930451422189087
5803,5903,0.4749269991387085
5803,5804,0.47456669180452216
5903,5902,0.47543301056863496
5903,5803,0.4749269991387085
5903,6003,0.45636559102839164
5903,5904,0.45596600208077376
6003,6002,0.45690311931612804
6003,5903,0.45636559102839164
6003,6103,0.43746500330969795
6003,6004,0.43700039913533684
6103,6102,0.43806271128718455
6103,6003,0.43746500330969795
6103,6203,0.41833971360508915
6103,6104,0.4177778526625537
6203,6202,0.4190325662675219
6203,6103,0.41833971360508915
6203,6303,0.39911362847932985
6203,6204,0.3984162137482985
6303,6302,0.39994237336911287
6303,6203,0.39911362847932985
6303,6403,0.379918817203997
6303,6304,0.37904214741999953
6403,6402,0.3809292730037832
6403,6303,0.379918817203997
6403,6503,0.3608939652680989
6403,6404,0.35978976903892756
6503,6502,0.3621361361555526
6503,6403,0.3608939652680989
6503,6603,0.34218257934346497
6503,6504,0.3407990105779296
6603,6602,0.34370961809333367
6603,6503,0.34218257934346497
6603,6703,0.3239309834983564
6603,6604,0.32221375156452337
6703,6702,0.3257980310564346
6703,6603,0.3239309834983564
6703,6803,0.30628615338343435
6703,6704,0.30417975720580637
6803,6802,0.3085490865359617
6803,6703,0.30628615338343435
6803,6903,0.2893934406734196
6803,6804,0.28684247270545127
6903,6902,0.2921075623745437
6903,6803,0.2893934406734196
6903,7003,0.2733942440608371
6903,6904,0.27034472783034447
7003,7002,0.2766129528700983
7003,6903,0.2733942440608371
7003,7103,0.2584236854385903
7003,7004,0.2548244092265065
7103,7102,0.26219716130259174
7103,7003,0.2584236854385903
7103,7203,0.24460835050110422
7103,7104,0.24041215971201374
7203,7202,0.2489822937656931
7203,7103,0.24460835050110422
